29.966884303158512 1.1018791198730469
30.618106628601215 1.1977591514587402
30.618106628601215 1.3651552200317383
30.167659131125927 1.4486041069030762
30.544417791195475 1.6987063884735107
30.284170054419562 1.7991821765899658
30.271495434683054 1.9022777080535889
30.17899213939025 1.9985451698303223
30.280485486858943 2.2670366764068604
30.670487050907013 2.3630189895629883
29.896579803379062 2.461721658706665
30.154668448831078 2.5637521743774414
30.28483064189089 2.661269187927246
30.6700275077701 2.762388229370117
29.919076991890798 2.861503839492798
29.89643815549316 2.951381206512451
30.20856064157526 3.0231056213378906
30.20856064157526 3.110836982727051
30.255077263479105 3.2116053104400635
30.271495434683054 3.3089935779571533
30.89085785104606 3.5750186443328857
30.568057940822438 3.7584547996520996
30.280485486858943 3.8586223125457764
30.20856064157526 3.959073543548584
30.280485486858943 4.056490421295166
29.920545548902346 4.158137798309326
31.736501660546928 4.265944957733154
30.33073664045065 4.356343507766724
30.211582658272178 4.455292463302612
30.55774795365162 4.5610175132751465
30.492934371992146 4.737087249755859
30.242822170663587 4.837725400924683
29.91987581396429 4.950638055801392
30.218365775313128 5.037524938583374
30.280485486858943 5.138731002807617
30.59982859639102 5.2371666431427
30.63975763206418 5.33698296546936
29.978764882808427 5.52158260345459
30.218365775313128 5.622525691986084
30.670487050907013 5.721243858337402
29.864640032513986 5.794521331787109
30.331317071100028 5.970468997955322
30.166725703306778 6.091393947601318
30.280485486858943 6.196666717529297
30.218365775313128 6.295492649078369
29.88129346610418 6.409235000610352
30.22550612369764 6.507416009902954
29.9429728439161 6.608373641967773
30.566656867492235 6.715859889984131
29.8151644943147 6.825231552124023
30.55774795365162 6.927436351776123
30.230418501617702 7.037919282913208
30.280485486858943 7.1370689868927
30.539840356513942 7.2364771366119385
30.255077263479105 7.339828729629517
30.59982859639102 7.536589860916138
29.945960490381626 7.635321378707886
30.384862787436777 7.734523773193359
30.55774795365162 7.835498809814453
30.483945203218827 7.938937664031982
30.609631506024357 8.03864073753357
30.197900873523583 8.13736867904663
30.30738650211401 8.238392353057861
30.040400855501584 8.3365159034729
30.427719030156393 8.441149473190308
30.307051420877418 8.539950847625732
30.531996463309852 8.726156949996948
30.633276443132054 8.80268144607544
30.211582658272178 8.880363464355469
30.159538394866935 8.986426591873169
29.8151644943147 9.097471475601196
30.167341718875118 9.205511331558228
30.287014343570632 9.303170919418335
30.159538394866935 9.396780490875244
30.36288037213621 9.498112440109253
29.91933579692097 9.595186948776245
30.16666724993402 9.694572925567627
30.268649415461347 9.794433355331421
30.159469372200356 9.901059627532959
29.91933579692097 9.99271297454834
30.250672569573684 10.192533254623413
30.197900873523583 10.295249700546265
30.271495434683054 10.390313148498535
29.945960490381626 10.692380905151367
30.197900873523583 10.790851593017578
30.59982859639102 10.890678405761719
30.87826519025035 11.08933973312378
30.62009207117251 11.190020561218262
30.250672569573684 11.443603038787842
30.19860316075111 11.508678674697876
30.21685608633013 11.606070280075073
30.449901880721182 11.705384254455566
30.16666724993402 11.805843353271484
30.21685608633013 11.905187129974365
30.22688499567958 12.104856252670288
30.51842674978745 12.205464363098145
30.626664986147738 12.307077646255493
29.88129346610418 12.503442525863647
30.159469372200356 12.607451677322388
29.862257469951018 12.706128120422363
30.220550498599277 12.811749696731567
30.19860316075111 12.918907880783081
30.513688089657716 13.018341064453125
29.970510063588176 13.117520570755005
29.935923993160802 13.217170000076294
30.19942102870847 13.31836223602295
30.218365775313128 13.426463842391968
30.280485486858943 13.537543058395386
30.230418501617702 13.637173414230347
30.67261695501049 13.737525701522827
30.181245738919134 13.940663814544678
29.901562408712284 14.066043615341187
30.19942102870847 14.140557765960693
30.26720297487114 14.211375713348389
30.254504572675426 14.417823791503906
30.288466693966043 14.51670789718628
29.918309290813177 14.616576194763184
30.307873028350986 14.719043016433716
30.255350156455677 14.828322887420654
30.539840356513942 15.094208478927612
30.270263417717338 15.193961381912231
30.19942102870847 15.289537191390991
30.566656867492235 15.473037004470825
29.92097487685497 15.570616245269775
30.633276443132054 15.670323371887207
29.969286817561645 15.773969411849976
29.888589066742444 15.87426209449768
30.416800554341542 15.97029423713684
30.21685608633013 16.06861901283264
30.133107765038908 16.250988483428955
30.133107765038908 16.351474046707153
30.19942102870847 16.450244188308716
30.46640379237959 16.550724029541016
30.21685608633013 16.65062141418457
29.945960490381626 16.749869346618652
30.268649415461347 16.850419759750366
30.301802523039694 16.94834589958191
29.945960490381626 17.040203332901
30.280485486858943 17.214677810668945
30.189151922441848 17.317692756652832
30.307873028350986 17.416105031967163
30.539840356513942 17.513822078704834
30.159469372200356 17.613733053207397
30.47110536232459 17.71361756324768
30.21685608633013 17.813806772232056
29.958457294024342 17.912935972213745
30.22688499567958 18.012144088745117
30.622683259661986 18.112016439437866
29.928233920488744 18.212910413742065
29.92097487685497 18.313061475753784
30.574903499504458 18.411646127700806
30.21685608633013 18.51252055168152
29.941527118912475 18.614007711410522
30.053786994822975 18.711957693099976
30.307873028350986 18.894957780838013
30.21685608633013 18.993194818496704
30.283308184712684 19.091625928878784
30.55774795365162 19.19264531135559
30.133107765038908 19.374308347702026
30.22688499567958 19.474361658096313
30.197900873523583 19.57435655593872
30.25628057410417 19.672992944717407
29.700871838869375 19.85296607017517
30.22688499567958 20.355559587478638
29.888589066742444 20.467537879943848
30.197900873523583 20.554036617279053
29.978764882808427 20.667412996292114
30.21685608633013 20.83566164970398
30.19860316075111 20.923903942108154
30.27344903197177 21.020694255828857
30.306000781786796 21.14185118675232
30.21685608633013 21.34810185432434
30.16666724993402 21.448649883270264
30.16666724993402 21.54238271713257
30.197900873523583 21.63991904258728
30.226812887833013 21.73871922492981
30.268649415461347 21.940625190734863
30.46912454461415 22.039881467819214
30.159538394866935 22.143160104751587
30.55774795365162 22.23910427093506
30.537376255773832 22.438470602035522
29.88129346610418 22.63667321205139
30.144830591263013 22.737362146377563
29.75307090651292 22.8073468208313
29.864640032513986 22.90916872024536
30.287014343570632 23.021019458770752
30.21685608633013 32.208555459976196
29.9429728439161 32.30604648590088
30.303279396438196 32.40082621574402
30.322442484501387 32.50076699256897
30.195276514434564 32.602522134780884
30.21616302920207 32.86621713638306
30.301802523039694 32.96550536155701
30.347843783980217 33.071173667907715
30.2936728790873 33.16438055038452
30.10062300412693 33.26495170593262
30.29962379508046 33.363019943237305
30.29962379508046 33.568267822265625
30.230418501617702 33.646329402923584
30.29962379508046 33.720808029174805
29.899298659074944 33.88094711303711
30.582408964082475 33.98035264015198
30.29962379508046 34.07897233963013
30.116628261967715 34.17867732048035
30.263187164509826 34.280421018600464
30.33379582903171 34.3801543712616
30.49016463336806 34.47719120979309
30.610986002259605 34.57672190666199
30.678211137791724 34.67728781700134
30.64289665207339 34.775996923446655
30.288466693966043 34.87683963775635
29.923864351582488 34.98156929016113
30.497084752616022 35.07590651512146
30.21632822705173 35.26656532287598
30.133107765038908 35.361762285232544
30.263187164509826 35.62677502632141
30.664380378347932 35.72771501541138
30.133107765038908 35.82651233673096
30.49016463336806 35.94702482223511
30.582408964082475 36.04056477546692
30.176707459081943 36.268571615219116
30.263187164509826 36.363120794296265
30.610986002259605 36.46474266052246
30.195711246137716 36.56558012962341
30.212040552103367 36.66307258605957
30.52862075396857 36.76556968688965
29.958457294024342 36.85958170890808
29.935857124142974 36.96312975883484
30.582408964082475 37.2467782497406
30.644141385644257 37.442041873931885
30.323550326748087 37.54248929023743
30.29962379508046 37.641810178756714
30.582761924723133 37.7497456073761
30.570216040869813 37.859904289245605
30.52028855104913 37.95797395706177
29.940359644401095 38.05875635147095
30.133107765038908 38.15648031234741
30.133107765038908 38.27962899208069
30.274631508522127 38.393497467041016
30.29962379508046 38.50829339027405
30.133107765038908 38.59457993507385
30.63175338837212 38.685041666030884
30.10062300412693 38.7778434753418
30.29962379508046 38.89080214500427
30.238304863009567 38.99136209487915
30.23197408125034 39.106566190719604
30.280014235136736 39.207197427749634
30.46640379237959 39.30267810821533
30.270263417717338 39.40126824378967
30.22688499567958 39.50115156173706
30.323550326748087 39.60075569152832
30.622683259661986 39.69858765602112
30.263187164509826 39.79918813705444
30.2755792468537 39.92245030403137
30.514304699825487 40.02084422111511
30.133107765038908 40.214763879776
30.616823230461378 40.316808462142944
30.610986002259605 40.420305490493774
30.223665359008695 40.52205419540405
30.303279396438196 40.63133907318115
29.885807390282412 40.731072187423706
30.22688499567958 40.82991671562195
30.49016463336806 40.931817054748535
30.22688499567958 41.03002452850342
30.223665359008695 41.130250453948975
29.99980031811633 41.23131799697876
30.133107765038908 41.3376898765564
30.339308663459608 41.4533634185791
30.10062300412693 41.56338620185852
30.25398288007281 41.659865379333496
29.953845932283297 41.758108615875244
30.549134912476514 41.89291524887085
30.34045732228091 41.996161222457886
30.323550326748087 42.193251848220825
30.146220378348232 42.573164224624634
30.213259305173818 43.07476472854614
30.323550326748087 43.27574443817139
30.551847432162734 43.371708393096924
30.34045732228091 43.473469495773315
30.497084752616022 43.67394423484802
30.678211137791724 43.770880699157715
30.21685608633013 43.9754204750061
30.29962379508046 44.07300853729248
30.551847432162734 44.17985200881958
30.267669317664154 44.4011607170105
30.37558349939369 44.60071396827698
30.673973366141272 44.87094306945801
30.2403295723393 44.936814069747925
30.19959049399638 45.02615928649902
30.645397847158158 45.20953130722046
29.953845932283297 45.3094527721405
30.22688499567958 45.40800738334656
30.46640379237959 45.50779175758362
30.167942719135976 45.60814070701599
30.301909368512508 45.707637786865234
30.339308663459608 45.80790185928345
30.290006174921288 45.908950328826904
30.323550326748087 46.00830435752869
30.290006174921288 46.1070601940155
30.16023666919678 46.20658493041992
30.29962379508046 46.305612564086914
30.678211137791724 46.5715126991272
30.10062300412693 46.67056584358215
30.678211137791724 46.93631553649902
29.935857124142974 47.11916756629944
30.133107765038908 47.304678201675415
30.323550326748087 47.407756090164185
30.579981197026846 47.50351572036743
30.62697080610396 47.60139226913452
30.133107765038908 47.78307843208313
30.29962379508046 47.841888189315796
29.947329997066124 47.92422819137573
30.228356728076808 48.01869773864746
30.284001064601625 48.116267681121826
30.463114780073795 48.21621251106262
30.34045732228091 48.31728768348694
30.263187164509826 48.41573143005371
30.2755792468537 48.51580572128296
30.29921855389082 48.61536431312561
29.87882411883046 48.71373176574707
30.2403295723393 48.798041343688965
30.582408964082475 48.898003339767456
30.053263690740764 48.99697303771973
30.610986002259605 49.07870316505432
30.271741307536338 49.162986516952515
30.319607155349647 49.26577138900757
30.610986002259605 49.36327505111694
30.213259305173818 49.46307158470154
30.26587560360518 49.563146114349365
30.62798943133358 49.66334056854248
30.645397847158158 49.844754219055176
30.350407845776587 50.11002707481384
30.173154222534848 50.292267084121704
30.579981197026846 50.48123216629028
30.55548177756579 50.64501476287842
29.90664362218298 50.716230630874634
30.605801436271502 50.808807611465454
30.213259305173818 51.00343155860901
30.243661319723085 51.12025237083435
30.62424247712975 51.23292851448059
30.566544170597272 51.3359751701355
30.22928142736468 51.44371151924133
30.245707592813694 51.645402908325195
30.43514081767763 51.74365496635437
29.800076187608415 51.84280443191528
30.896344743080636 52.34374928474426
30.29601827898904 52.44379925727844
31.14446566537209 52.543718099594116
31.057375020155124 52.64353013038635
30.702073346833945 52.74488043785095
31.321852575599245 52.84145498275757
31.735557441555844 52.94224405288696
31.664640295662423 53.0465304851532
32.083571329332585 53.144442081451416
31.811857531151286 53.24859857559204
32.35975026747183 53.360687017440796
33.20082388716672 53.436240434646606
32.48724528782587 53.52098870277405
33.42931068376785 53.62257480621338
33.0123217926735 53.72997498512268
33.468119665293734 53.823593616485596
32.941673196806185 53.92355227470398
33.87140472088239 54.023929834365845
33.61587892617003 54.12425398826599
33.79858864439618 54.22242283821106
33.4507645007527 54.323991537094116
33.80627640614243 54.4192578792572
33.83235906736581 54.52335715293884
33.84419437889923 54.61756610870361
33.77317505246858 54.717501163482666
34.39916111227305 54.81819748878479
34.85427022813579 54.923121213912964
34.66685001380053 55.02790570259094
35.21031784351122 55.13693904876709
35.177814787195786 55.23676133155823
35.11667021197485 55.335055112838745
35.7051667081149 55.43775796890259
35.09915771361356 55.53881335258484
35.6256306632887 55.63716745376587
35.328465171809185 55.74015522003174
36.48894525214225 55.85434651374817
36.263951176855265 55.96066331863403
37.02170413789369 56.07090163230896
37.629526305676535 56.16960883140564
37.57497773746776 56.266486406326294
38.112304201776816 56.46054816246033
38.07414168056538 56.570141077041626
38.41923554957053 56.779685974121094
38.697906668516794 56.88072657585144
39.43913307623731 56.98177361488342
39.24699990339177 57.080034017562866
39.57914457993264 57.181522846221924
39.625646492039 57.28363871574402
40.066577783215344 57.38232064247131
39.34005367550792 57.481351137161255
39.48242510512573 57.59284329414368
40.23088353259993 57.7813024520874
40.00232207297485 57.87767052650452
40.78139820043881 57.97664213180542
40.67322984042375 58.07725381851196
40.86463994222426 58.176796197891235
40.86567305103058 58.28957915306091
40.94907532058176 58.398561000823975
42.01407354367647 58.52117443084717
42.44394425354179 58.625815868377686
42.15107212508279 58.729312896728516
42.09268512417046 58.8441104888916
43.12460583079558 58.94718408584595
42.89001038238626 59.06044840812683
42.89001038238626 59.15670418739319
42.74618521840009 59.22802495956421
42.89001038238626 59.33024454116821
41.74309330488243 59.45504808425903
42.84008728170313 59.55958008766174
41.99717891423853 59.65683937072754
42.80698127723157 59.756192207336426
42.30836933612446 59.86145305633545
42.80698127723157 59.96703386306763
43.58265396567294 60.06734824180603
42.39729867804448 60.164716958999634
42.718437460964644 60.26524806022644
42.57301925539742 60.365984201431274
41.74309330488243 60.464624643325806
41.74309330488243 60.562705755233765
42.950027843507996 60.6631977558136
42.84008728170313 60.76531505584717
42.26930841932309 60.862977743148804
42.42690882598079 60.965726375579834
42.74618521840009 61.06500315666199
43.12460583079558 61.16454076766968
42.89001038238626 61.26050639152527
42.356728531281334 61.36122465133667
42.80329841570978 61.463955879211426
42.66828028420237 61.5612907409668
42.89681643173402 61.660067558288574
41.968784793817434 61.76449656486511
42.899205560981784 61.858022689819336
43.59006584357617 61.9602792263031
42.798207936632934 62.0322687625885
42.42504783084903 62.10624575614929
42.167846032353026 62.20961046218872
42.52190111156468 62.3074049949646
42.823413976446695 62.41384553909302
43.96736588724613 62.510592222213745
43.23173549733225 62.60909581184387
43.162774692207876 62.707884311676025
42.55643143973543 62.80661606788635
43.457825057776375 62.906450510025024
42.66434907058837 63.00570797920227
44.43073968117755 63.1875114440918
44.16363197567415 63.29273009300232
44.25068067088957 63.388930559158325
44.44646064765214 63.48672437667847
44.73351455232718 63.58797883987427
44.47190557530249 63.68724608421326
44.583690256929856 63.787643909454346
45.549089955792304 63.8879177570343
45.156770320401904 63.99071907997131
45.92817983932028 64.08628821372986
46.60391679234273 64.18704056739807
46.02997169490732 64.285879611969
46.020338176659635 64.38840508460999
46.921651357917185 64.48668456077576
46.30259420516261 64.58359980583191
47.188206741012706 64.68843817710876
47.37512249544889 64.79144763946533
46.39592354654458 64.88363075256348
47.606531727916156 64.98335456848145
46.1063659138527 65.08302712440491
47.52466980837758 65.17091298103333
47.3139391896977 65.24639511108398
47.583034088248795 65.3486533164978
48.12900172734241 65.45985651016235
47.289805224602944 65.57641005516052
47.41337958493498 65.68186569213867
47.067651665486096 65.78558325767517
47.354738896985424 65.87930798530579
47.81577016813288 65.98992085456848
48.58989265082836 66.09902286529541
48.40689265573069 66.21099472045898
48.03290437575856 66.32419991493225
46.91568601121971 66.4431631565094
48.23180623569923 66.55085253715515
48.405945509602184 66.65212202072144
47.94418395354313 66.74920225143433
47.53809056118405 66.84951686859131
49.17520437710397 66.94984889030457
48.28101568785033 67.05146741867065
48.15136166051793 67.15767288208008
48.765253256449476 67.27691197395325
48.365329198690425 67.39005589485168
48.80774375099601 67.50271582603455
48.07357427664636 67.61882638931274
48.70476284687616 67.71766543388367
48.19235891893483 67.81839656829834
47.92544700523736 67.93647408485413
47.327984856608104 68.04704117774963
47.191480670128335 68.14547920227051
47.862905303747695 68.23232746124268
48.106485872244754 68.29559969902039
47.88603792045997 68.40675401687622
48.110385122402995 68.51855659484863
47.92544700523736 68.63727021217346
48.28652345414537 68.74753046035767
49.28384963806738 68.84462404251099
48.38793595824369 68.94689464569092
49.26602946718444 69.04381370544434
49.048924607621615 69.14563179016113
48.38793595824369 69.23775267601013
49.27049377172343 69.34469103813171
49.048924607621615 69.44286274909973
47.92544700523736 69.53955149650574
48.19235891893483 69.63699293136597
48.32345168434863 69.73973679542542
48.19235891893483 69.83988523483276
47.32440507902438 69.95584058761597
47.36747951603858 70.0654308795929
47.92544700523736 70.17018270492554
48.39559732162566 70.271324634552
48.80774375099601 70.37684392929077
48.39296230383213 70.47432541847229
48.74039836029521 70.573983669281
47.841902046223304 70.67376565933228
47.88492036505838 70.87582850456238
47.73840527848902 70.98886799812317
48.16749277274479 71.0877935886383
48.42523446000693 71.19348692893982
48.48442781385314 71.3063497543335
48.208299135294745 71.40102982521057
47.98220583819265 71.50685667991638
49.258357042324775 71.61616206169128
48.350175158743 71.72130823135376
48.38529919786907 71.82103180885315
48.38529919786907 71.94297313690186
48.7317677765744 72.15408372879028
48.280586464006745 72.25291776657104
47.904696734855264 72.35470342636108
49.14513736071232 72.45113706588745
49.089974327687166 72.51795315742493
48.361806000886 72.63975143432617
48.364010425252786 72.75109505653381
49.13441093333634 72.97360897064209
48.280586464006745 73.07954144477844
48.43439039736329 73.19096326828003
48.364010425252786 73.40631604194641
48.364010425252786 73.6205198764801
48.280586464006745 73.72944712638855
49.089974327687166 73.83307719230652
48.82434869276781 73.94528913497925
47.61185748061185 74.05578804016113
48.361806000886 74.1639416217804
48.82434869276781 74.26153302192688
49.089974327687166 74.46054100990295
48.06977061410733 74.56523323059082
48.06977061410733 74.68618869781494
48.361806000886 74.79373693466187
48.793592386060475 75.06878328323364
48.00603912028418 75.16704368591309
48.32924650113438 75.26707124710083
49.37393267375926 75.34003973007202
48.361806000886 75.42553281784058
48.16519336371818 75.51704692840576
49.089974327687166 75.61908531188965
48.364010425252786 75.71632838249207
49.089974327687166 75.81810688972473
47.46278324897899 75.91666507720947
48.361806000886 76.0182056427002
49.089974327687166 76.11822605133057
48.82434869276781 76.21525692939758
48.33759890902295 76.31404280662537
48.361806000886 76.41311287879944
49.089974327687166 76.51492857933044
49.089974327687166 76.697683095932
49.37393267375926 76.89606976509094
48.361806000886 76.99527597427368
48.43439039736329 77.09611439704895
48.364010425252786 77.19449639320374
49.089974327687166 77.29578232765198
48.280586464006745 77.47701621055603
49.089974327687166 77.58093571662903
48.67354128937831 77.69135332107544
48.280586464006745 77.8932249546051
48.38822438433582 78.07918620109558
47.777265457593764 78.17566776275635
47.55443922804736 78.2798683643341
49.089974327687166 78.34956789016724
47.55443922804736 78.41317224502563
47.55525081283265 78.50668859481812
49.089974327687166 78.69504117965698
48.38510178981999 78.79383373260498
47.3450080262181 78.89294815063477
48.361806000886 79.07306671142578
48.82434869276781 79.17241597175598
48.280586464006745 79.26997399330139
49.089974327687166 79.37340331077576
48.793592386060475 79.47056198120117
48.16519336371818 79.56954550743103
48.049798618635116 79.66975402832031
47.55525081283265 79.76870632171631
49.098107713396374 79.86791658401489
47.55525081283265 79.96800184249878
48.38529919786907 80.06873154640198
48.79293078256586 80.2506914138794
48.350698457816065 80.35004186630249
48.69959404529959 80.450021982193
48.667942376976995 80.54947447776794
48.55075125905169 80.66115474700928
48.92267121278976 80.76639676094055
48.08410063216092 80.86604070663452
48.134805849401246 80.97587537765503
49.89685311119494 81.07939219474792
49.05044767150698 81.18642449378967
49.47156026175044 81.25467491149902
48.6229359491347 81.35786867141724
48.655415807077745 81.47610926628113
50.56126234552912 81.59616208076477
50.29608133019244 81.90396523475647
51.42007153515005 82.00440883636475
50.63402162767755 82.2245523929596
51.1645392011302 82.3338475227356
52.076374473236385 82.53849196434021
51.57859722242468 82.75170016288757
53.51895769524578 82.85752820968628
55.92542416093197 83.36859965324402
54.32046853022851 83.59015464782715
54.22530896254083 83.8133225440979
53.63347998409856 84.58179450035095
54.32046853022851 84.69782733917236
53.398404460047125 84.91781282424927
53.398404460047125 85.02926278114319
55.6519193624713 85.25154829025269
53.398404460047125 85.77673602104187
52.621558700448716 85.87877631187439
53.68035672774902 86.19603872299194
54.357116434433955 86.50971150398254
53.32312491387927 86.80979299545288
56.1777404418402 86.95363712310791
54.32046853022851 87.27585816383362
55.761819848943745 87.48642492294312
54.357116434433955 87.90979504585266
54.32046853022851 88.02607846260071
54.91077751040391 88.14202570915222
53.55208917530201 88.55151891708374
54.80934655745587 88.66370868682861
53.77022623376049 88.86093831062317
55.6519193624713 89.07368874549866
53.904773663062734 89.18461418151855
53.536179158140264 89.29433083534241
52.84315293156688 89.69335222244263
53.72785687086441 89.97049975395203
53.63347998409856 90.4835753440857
53.77022623376049 90.58321118354797
53.767216380265396 90.76591062545776
52.34991865562367 90.86811256408691
53.767216380265396 90.96687698364258
53.31553246302038 91.14825367927551
54.62284772584149 91.33344745635986
54.71748021730234 91.51366996765137
53.55125542066081 91.613352060318
54.25927143344869 91.71376538276672
54.346083639916756 91.81252384185791
55.71217360150262 91.913006067276
54.27533288050624 92.01085042953491
54.21732180525596 92.11207747459412
55.26824246285823 92.29361510276794
55.70016082990383 92.39439821243286
57.34493317188421 92.49647378921509
56.40366075931853 92.57950687408447
58.14436053608548 92.66326069831848
57.87032891438585 92.75864553451538
57.958417967188645 92.87918710708618
58.67771672894567 92.97515821456909
59.556549391175054 93.16176295280457
60.3465177603495 93.25922131538391
57.301361354458635 93.35933756828308
60.78545041027353 93.4555196762085
59.918768354810034 93.55823802947998
59.62350247680304 93.65573716163635
59.90263633684429 93.75476956367493
59.70496229376863 93.85502815246582
60.10779327036234 93.95413827896118
60.333961985670314 94.0530321598053
61.35214509609433 94.15745139122009
61.76039102209297 94.25331091880798
59.1114276118354 94.35546231269836
61.753775037746806 94.45438981056213
61.443880787855825 94.5530035495758
61.443880787855825 94.65291500091553
62.75346288536967 94.75257062911987
61.69078131449578 94.85158348083496
62.75346288536967 94.95198488235474
61.443880787855825 95.05078029632568
61.69078131449578 95.15220665931702
61.443880787855825 95.25042581558228
60.4169096900176 95.35119366645813
60.4169096900176 95.5360836982727
61.93484550319969 95.63967633247375
63.18348540979901 95.73217487335205
63.18348540979901 95.83488082885742
61.443880787855825 95.96604752540588
60.32857153747735 96.09372639656067
61.972395430913 96.21436142921448
63.18348540979901 96.32983016967773
61.443880787855825 96.4392626285553
63.18348540979901 96.55948519706726
61.443880787855825 96.67157292366028
63.18348540979901 96.77988266944885
60.70549087853943 96.88557410240173
59.25705266661531 96.98610973358154
61.93484550319969 97.09436988830566
63.18348540979901 97.20237112045288
63.18348540979901 97.32314682006836
60.4169096900176 97.4355456829071
61.93484550319969 97.53414964675903
61.7353490790918 97.63629055023193
62.75346288536967 97.73521947860718
61.443880787855825 97.83433938026428
61.93484550319969 97.93416166305542
60.137962630765394 98.03378820419312
63.18348540979901 98.13256883621216
61.972395430913 98.23204922676086
61.41446119988507 98.33149790763855
64.15747807100152 98.42989182472229
61.93484550319969 98.4978859424591
61.443880787855825 98.57757496833801
63.18348540979901 98.68534445762634
61.443880787855825 98.90708947181702
62.75346288536967 99.01275682449341
61.443880787855825 99.11184883117676
61.443880787855825 99.21313881874084
61.01822186407878 99.31823086738586
62.75346288536967 99.43203139305115
63.18348540979901 99.53043127059937
61.93484550319969 99.62779808044434
61.01822186407878 99.82620167732239
61.443880787855825 99.9307062625885
61.443880787855825 100.0249252319336
61.01822186407878 100.22397232055664
61.443880787855825 100.32598781585693
61.43151808445999 100.42996668815613
62.60666387660037 100.54048895835876
60.333961985670314 100.6399576663971
61.60970383074552 100.74107599258423
63.55074646264981 100.84538054466248
60.22191651065843 100.96656775474548
60.41715587430829 101.07553958892822
62.10965920749195 101.17645454406738
60.596157011827586 101.27956938743591
61.116102000626306 101.39126753807068
60.26778546835425 101.49272155761719
60.20287419526014 101.60581398010254
61.00816379696007 101.67080068588257
59.074921298278795 101.75204801559448
62.28026362197792 101.85298299789429
61.12501620335023 101.96625542640686
60.984164751223425 102.06780624389648
60.984164751223425 102.17150282859802
59.53475004150662 102.27137327194214
59.57158768394469 102.3725266456604
60.984164751223425 102.4705069065094
59.78132458914029 102.56929206848145
60.984164751223425 102.66829490661621
60.984164751223425 102.7654721736908
60.984164751223425 102.8649480342865
60.984164751223425 102.96519780158997
60.52939620959539 103.0641860961914
61.1609919732313 103.16502833366394
61.729978460622114 103.26462960243225
61.2672136239553 103.36337995529175
61.249618811287874 103.46334671974182
59.625994457487764 103.56307911872864
59.625994457487764 103.66110301017761
61.05534647702287 103.76487159729004
60.41699233547109 103.86033654212952
59.58690494139012 103.96144843101501
61.729978460622114 104.06262683868408
59.59793926869653 104.16190195083618
61.188148264442404 104.2626371383667
60.52751747093413 104.36243844032288
60.740343155298206 104.46172451972961
59.82057711745238 104.56014466285706
60.88706854083959 104.65959119796753
60.26824179527687 104.76339721679688
62.34466049137725 104.82779335975647
60.52939620959539 104.90215039253235
61.05534647702287 105.01453423500061
61.05534647702287 105.10716032981873
60.52939620959539 105.20178747177124
60.52939620959539 105.3019757270813
60.98402410435999 105.40019011497498
60.52939620959539 105.50014853477478
59.30030474859196 105.59851861000061
60.984164751223425 105.6985981464386
59.78132458914029 105.79971694946289
59.60516278605218 105.89962363243103
60.984164751223425 106.00027084350586
60.984164751223425 106.09741377830505
61.75609009965612 106.28307151794434
61.00459589908375 106.38002157211304
59.558076491064796 106.48000884056091
59.584450386219714 106.57961821556091
61.099964801981464 106.68376040458679
61.14809260453756 106.7789134979248
60.02950966058262 106.88111996650696
59.72812680012913 106.98094964027405
60.347368324853015 107.16258311271667
58.67296935431309 107.26094841957092
59.732000437821185 107.36070442199707
59.09589701655813 107.46068906784058
57.27404525578852 107.56051754951477
56.88469536950138 107.66015338897705
57.1495907678848 107.75870132446289
55.938114520084056 107.92619466781616
55.69811435572593 108.0377893447876
54.83715969008524 108.12714266777039
54.63920539618293 108.22507929801941
53.00652152610286 108.32529926300049
54.361941721996935 108.42531156539917
52.50034038226189 108.52399253845215
52.51293299673132 108.6238603591919
52.551102809901934 108.72467923164368
50.63395205548277 108.82290530204773
52.47687353030646 108.9223141670227
50.71537383559214 109.0219030380249
49.857821228615606 109.12325716018677
50.74804728562633 109.22253489494324
49.99712081512705 109.32181787490845
48.192417065481045 109.42404317855835
47.33423329217564 109.52186465263367
49.018919280820676 109.62598085403442
48.47849645146861 109.7225649356842
47.592895318209735 109.82203435897827
47.1267472491427 109.92014765739441
46.914679375826545 110.02105164527893
45.65978721182703 110.12240076065063
45.16041109041014 110.2217071056366
45.128977215344335 110.32076025009155
44.937908448140355 110.4210045337677
44.46496319157314 110.51911973953247
43.38260332889265 110.61882090568542
43.332765493524896 110.70224237442017
43.88462363397765 110.7752468585968
43.36221084666458 110.86823010444641
42.10568106302727 110.97438931465149
42.25311717233772 111.105295419693
42.902257547032036 111.21166157722473
41.85053201872106 111.32778573036194
41.26292705868109 111.44241094589233
41.43068479649785 111.64096999168396
42.43898529684883 111.7420072555542
42.34551435840975 111.85746383666992
41.29790169069876 111.9564573764801
41.21478468621921 112.05296969413757
41.433262828197364 112.2547116279602
40.81082746616779 112.3520245552063
41.284992086182314 112.45891451835632
40.23275829650561 112.67897415161133
40.24734953750885 112.80039978027344
40.64578756262366 112.90266537666321
39.713390854260346 113.01762080192566
41.02489920554468 113.13997197151184
40.63867863961729 113.25176000595093
40.537461772661 113.35257291793823
39.857031356309314 113.44722127914429
40.53763508418127 113.55278635025024
38.74630619912992 113.6314787864685
39.398107491264916 113.7332124710083
39.69031183296806 113.82803750038147
39.01527754712 113.93027710914612
38.48402044546146 114.0256724357605
38.36864457947449 114.13467192649841
37.2622982239613 114.33153533935547
35.486086860974495 114.44033646583557
35.56338355739915 114.53902506828308
33.66944088861366 114.64360642433167
33.88675811532552 114.74129319190979
33.068055296739 114.84137654304504
32.37789207524179 114.94953894615173
31.3118829577277 115.06049275398254
31.26747672851526 115.15489172935486
30.502127801287347 115.2575957775116
30.492112093569375 115.36568093299866
16.09318335825115 119.90399479866028
15.697175384198953 119.99540400505066
15.862329765452342 120.080806016922
15.727793797236384 120.17093896865845
15.72275982902501 120.26124906539917
15.74505372513638 120.34447002410889
15.651770868151255 120.42721366882324
15.677561026201648 120.50933194160461
15.84006851277875 120.59364175796509
16.05994291283132 123.36832690238953
16.040363234545023 123.45721387863159
15.880365338113634 123.5504035949707
16.05319026355025 123.63318204879761
16.156567681192566 123.71705031394958
17.080647065277127 124.05086469650269
17.05543530556109 124.14937281608582
16.906578483256325 124.23206281661987
17.141091568102564 124.31528091430664
17.078252058696993 124.39805316925049
16.853431009491867 124.45834851264954
17.090490985060796 124.52931451797485
16.96273270241056 124.6141414642334
16.998793297061553 124.78129410743713
17.15889938499756 124.8636884689331
17.083707729179537 124.94671154022217
16.961998360692995 125.03004002571106
17.11796474060518 125.11400556564331
17.220785453047405 125.19730377197266
17.079883085746697 125.36280703544617
17.184228785547315 125.44507622718811
17.030134594867572 125.52725791931152
16.969341302892012 125.61096620559692
17.0242719191637 125.6958315372467
17.00830112935259 125.77899241447449
17.20854603285293 125.86072540283203
17.205563214815896 125.951012134552
17.043482358793646 126.05999112129211
17.044910896285874 126.16433191299438
17.06422993819846 126.26183295249939
17.185138404610353 126.36810255050659
17.068247904995705 126.46513986587524
16.94619272011848 126.66431784629822
16.834477846579137 126.76528263092041
17.19798998678794 126.86681795120239
17.050340989382235 126.96375465393066
17.169434237508693 127.05980134010315
17.254857487151742 127.16389560699463
17.079883085746697 127.27186131477356
17.181772831701682 127.333167552948
17.162165406101234 127.41034412384033
17.016858513661635 127.51542592048645
16.979071670213173 127.61475324630737
17.162075313129787 127.71411085128784
17.09091440679074 127.81584167480469
17.084868277014845 127.91558337211609
17.27473943343271 128.0138988494873
17.2136678042028 128.3108925819397
17.132437800354747 128.41347360610962
16.97969518286161 128.51143598556519
16.986759706772837 128.60885524749756
17.103879817850693 128.70768976211548
17.096722243303127 128.80833911895752
17.1449043909732 128.99467754364014
17.088565647707522 129.09242391586304
17.00467634057219 129.19927668571472
17.01426885248447 129.3928759098053
17.076039257306345 129.49985885620117
17.072601594508313 129.79123044013977
17.16297681830267 129.89628767967224
17.209698732487293 130.08416175842285
16.921134641484567 130.17152643203735
17.109777660737603 130.26861381530762
17.105497249453688 130.55262684822083
17.084868277014845 130.75141835212708
17.129198505559366 130.9346125125885
17.055206051044486 131.04290437698364
16.993856198844558 131.58297419548035
17.102212647857808 131.76826667785645
16.928169185824792 134.5540852546692
17.181772831701682 135.0821352005005
17.05146673929644 135.26944661140442
17.072601594508313 135.36314725875854
17.194102446987888 135.44618439674377
16.854837741806612 135.59293460845947
16.866300550357863 135.65454411506653
17.013637601904264 135.74586296081543
16.99370282756542 135.82979941368103
17.151768608557585 135.90988183021545
17.0974495164145 135.99470496177673
17.0619458388023 136.09405708312988
16.972065248892818 136.1929485797882
17.009480595356393 136.27843642234802
16.921707881477996 136.35924220085144
17.15376770833961 136.444655418396
17.099394870023307 136.52707028388977
17.06262908089081 136.6917667388916
17.15048738413143 136.77492332458496
17.035281729279 136.85728478431702
17.138862967094646 136.94116187095642
17.15889938499756 137.02325558662415
17.017847099551755 137.1066553592682
17.25912471181209 137.20660948753357
17.081844370106772 137.30544638633728
17.002407200589364 137.40522003173828
17.020626855886007 137.4890742301941
17.018531976061183 137.6553134918213
17.027938571611443 137.73832964897156
17.05146673929644 137.8222472667694
17.18435454963277 137.90355587005615
17.20300769529192 137.9891858100891
17.23395101739098 138.07161045074463
17.17738344002912 138.236741065979
17.220785453047405 138.3213016986847
17.05146673929644 138.48501896858215
17.007760945951418 138.65197920799255
16.874202135105026 138.73556804656982
16.961998360692995 138.834862947464
17.067779843234014 138.91751837730408
17.079433392925587 139.00208377838135
17.184312143191853 139.08566522598267
17.00585058220278 139.24901008605957
17.07001233545377 139.33390736579895
17.044910896285874 139.4183521270752
16.99877735120308 139.5008373260498
16.988732676327594 139.58179473876953
17.05146673929644 139.83164763450623
16.99802404758051 139.91626358032227
16.899716753418083 139.99733686447144
17.137712782923952 140.08017230033875
17.00116719165309 140.163729429245
17.061161777224665 140.24624347686768
16.974753370192822 140.41292214393616
17.226093984599867 140.57956171035767
17.055206051044486 140.6616518497467
16.887480486855658 140.74444389343262
17.138832713080927 140.82751488685608
16.94320952069339 140.9220781326294
17.293728196051266 141.01534295082092
16.92567419128475 141.117915391922
17.19239566080672 141.210196018219
17.16007875536643 141.37507247924805
17.341201841254676 141.48335766792297
17.291398108911878 141.58118796348572
17.133557407870445 141.68443274497986
17.482027193405692 141.89101314544678
18.120291763043884 141.99774980545044
19.49071332930951 142.1805465221405
22.73079802876942 143.04456043243408
22.782340474452948 143.1447081565857
24.06431340900676 143.54359483718872
24.529465683302405 143.64237022399902
25.145316429977154 143.72112822532654
25.753868154816107 143.79600954055786
25.796246632859276 143.96009826660156
26.793198504067835 144.060693025589
27.282999847067405 144.1747691631317
29.96252777308005 144.4831416606903
32.14699512962082 144.9627022743225
32.547362030602145 145.05962324142456
33.919539319623034 145.26574420928955
34.90689771380862 145.37396144866943
34.83507502671527 145.47704601287842
35.87906416048649 145.59349393844604
36.87591707619851 145.6887276172638
35.88459885675389 145.7878909111023
37.15926443102105 145.89229607582092
37.91816009546716 146.0885329246521
37.550730019958294 146.1882598400116
38.157110434375696 146.28895044326782
39.57460978866104 146.38736987113953
41.497348260168835 146.49013829231262
43.1565805237378 146.66328978538513
43.842657685399615 146.73575949668884
44.43122928364088 146.83936142921448
43.821291720075834 146.93831706047058
44.833925167430415 147.0381841659546
46.17895358737681 147.13979387283325
46.72802134709301 147.25598287582397
47.85668317646784 147.46274995803833
49.305842927075076 147.5692994594574
50.01664295561487 147.66833090782166
52.148549707288595 147.77009987831116
51.41618419239077 147.86628556251526
51.249553140625224 147.96673488616943
51.473795960270074 148.06693577766418
54.285092332657385 148.16649174690247
54.121197492510646 148.36535716056824
56.52600333954598 148.46774983406067
56.65069797715602 148.5650508403778
57.796530713528554 148.66489434242249
58.792054405527594 148.765873670578
57.54646373039441 148.86510586738586
60.1720705471926 148.96638298034668
57.95418307534226 149.06573224067688
59.237246685867014 149.16515588760376
60.061403460369526 149.26484537124634
60.589995203302905 149.3827838897705
60.61096902238151 149.48112297058105
62.72222720029405 149.5759198665619
64.83199070092162 149.67821621894836
61.91730412635016 149.7467999458313
63.376735868117336 149.8337094783783
66.23738824527182 149.92716264724731
64.93243151988143 150.02271389961243
64.86580938635996 150.20906734466553
67.69255364644515 150.3882701396942
66.11044721853945 150.49037098884583
65.12402647521196 150.5864019393921
68.82951549108145 150.7745819091797
67.2487900311126 150.87201166152954
68.8214595825191 150.96961307525635
70.56677907433101 151.0699782371521
74.11764208193549 151.2541697025299
73.96840595805858 151.35229897499084
73.56599874744485 151.5341854095459
74.80795529872057 151.63636350631714
73.50018825305979 151.7352693080902
77.11479571495221 151.91761136054993
75.29978856322568 152.0164394378662
77.11479571495221 152.1155354976654
74.8730508392507 152.21614480018616
77.11479571495221 152.31365942955017
74.9100430568796 152.41487574577332
74.88378525909363 152.5138018131256
77.11479571495221 152.61207675933838
73.49149400971417 152.68702602386475
73.49149400971417 152.76466870307922
73.49149400971417 152.86407494544983
73.49149400971417 152.96384072303772
75.54880990524525 153.06144428253174
73.49149400971417 153.16645431518555
73.49149400971417 153.26292419433594
73.49149400971417 153.36262893676758
73.49149400971417 153.47715592384338
72.93665000524621 153.57583093643188
77.11479571495221 153.67642831802368
73.49149400971417 153.77824187278748
73.49149400971417 153.87793850898743
75.54880990524525 153.97662925720215
75.54880990524525 154.07648015022278
73.49149400971417 154.1773545742035
73.49149400971417 154.27727484703064
73.49149400971417 154.37637782096863
75.54880990524525 154.55709552764893
75.25576128996545 154.65662503242493
73.49149400971417 154.75753831863403
75.25576128996545 154.85692715644836
73.53090522742293 154.95714807510376
73.53090522742293 155.06669330596924
73.49149400971417 155.1579396724701
73.49149400971417 155.33885312080383
73.49149400971417 155.44045209884644
73.49149400971417 155.54082989692688
75.12747990657247 155.6343593597412
73.49149400971417 155.82111763954163
73.49149400971417 155.93088054656982
75.25576128996545 156.05954480171204
73.49149400971417 156.18719911575317
73.49149400971417 156.29549717903137
73.49149400971417 156.39354133605957
73.49149400971417 156.51101183891296
73.49149400971417 156.6287477016449
73.49149400971417 156.74328565597534
73.49149400971417 156.8464982509613
73.49149400971417 156.95702648162842
73.49149400971417 157.06014251708984
75.1127331082009 157.1597101688385
73.49149400971417 157.25725412368774
73.49149400971417 157.36753106117249
73.49149400971417 157.4793839454651
73.49149400971417 157.59923219680786
75.25576128996545 157.71402740478516
73.49149400971417 157.82485103607178
75.54880990524525 157.93673706054688
75.54880990524525 158.03685522079468
74.8291609595443 158.13689136505127
73.49149400971417 158.23724055290222
73.49149400971417 158.3371865749359
