-45.58555262429602 0.3041975498199463
-45.58555262429602 1.1033544540405273
-45.58555262429602 1.2383112907409668
-45.58555262429602 1.3757338523864746
-45.58555262429602 1.5030362606048584
-45.58555262429602 1.6439886093139648
-42.17665724340638 1.9016833305358887
-45.58555262429602 2.1698527336120605
-45.58555262429602 2.44030499458313
-45.58555262429602 2.573822259902954
-45.58555262429602 2.708296775817871
-45.58555262429602 2.8421928882598877
-45.58555262429602 2.9626355171203613
-42.17665724340638 3.5074191093444824
-45.58555262429602 3.7709033489227295
-42.17665724340638 4.438469409942627
-35.930895372715064 4.844362497329712
-35.930895372715064 5.10639214515686
-35.930895372715064 5.37234902381897
-35.930895372715064 5.634804725646973
-45.58555262429602 5.843795299530029
-35.930895372715064 6.2382214069366455
-35.930895372715064 6.373027324676514
-45.58555262429602 6.639875411987305
-35.930895372715064 7.705023527145386
-35.930895372715064 8.108937501907349
-35.930895372715064 8.235589027404785
-42.17665724340638 10.26688289642334
-39.5287189258191 10.399875164031982
-35.930895372715064 11.067236423492432
-42.17665724340638 11.177001714706421
-44.88019319787843 11.297658681869507
-35.930895372715064 11.574421644210815
-35.930895372715064 12.23287844657898
-33.62808958323533 13.034308671951294
-35.930895372715064 13.166114807128906
-45.58555262429602 13.94041657447815
-42.17665724340638 14.627483129501343
-45.58555262429602 14.912340641021729
-35.930895372715064 15.573930978775024
-35.930895372715064 15.974814891815186
-44.88019319787843 16.37110424041748
-35.930895372715064 17.373660564422607
-44.88019319787843 18.070250749588013
-35.930895372715064 18.33440113067627
-44.88019319787843 18.605843544006348
-35.930895372715064 19.00003695487976
-35.930895372715064 19.266583681106567
-42.17665724340638 19.402312517166138
-35.930895372715064 19.7362699508667
-35.930895372715064 20.53953266143799
-35.930895372715064 20.93802809715271
-45.58555262429602 21.600299835205078
-42.17665724340638 21.733091354370117
39.03513115557397 24.89729404449463
-42.17665724340638 25.005536794662476
-42.17665724340638 25.264856815338135
39.03513115557397 25.39701271057129
-44.34928126201443 26.331958055496216
-39.5287189258191 28.164045095443726
39.56822424537374 28.42867875099182
44.932089412574236 28.700278997421265
0.7200400678637262 29.36296558380127
1.0360293590841014 30.03981852531433
-18.929049370449953 30.30502963066101
1.0650362071379655 30.970038890838623
-23.131719685543725 31.234395027160645
1.1220481031896012 31.7641499042511
1.1220481031896012 31.89600157737732
1.1220481031896012 32.03283762931824
1.1220481031896012 32.16491079330444
1.1201677706153945 32.55345559120178
1.1201677706153945 32.638519048690796
1.096084593918877 32.77566409111023
1.0336973080278897 33.16470694541931
-8.305017874946888 34.23290944099426
-8.305017874946888 34.501469135284424
-8.305017874946888 34.63403391838074
-8.305017874946888 34.77122378349304
-8.305017874946888 34.89754319190979
-8.305017874946888 35.04012155532837
-8.305017874946888 35.164520502090454
-8.305017874946888 35.30364489555359
-9.355408674908073 35.43033576011658
19.313210603435387 35.56795859336853
-8.264273331440886 36.098201513290405
0.7527758372461311 36.76156806945801
-7.015922537100684 37.03108024597168
9.871500705443868 37.16515517234802
18.673877357453424 37.3018364906311
-17.9536882048134 37.43111181259155
-14.3120108838734 37.54696321487427
0.48171684728501524 37.66314482688904
-16.592741753680194 37.93644046783447
-2.3183307211042 38.06374907493591
0.4941969115031456 38.201170682907104
-21.994365959652047 38.47812294960022
-18.290744935390734 38.594231843948364
-3.570050274728371 38.73164629936218
-4.484749945015375 38.87331414222717
-19.517755436532465 38.995352268218994
-5.582474778170095 39.129849910736084
-18.516828481984213 39.25783562660217
-24.11505196360044 39.392988443374634
-4.25117783044386 39.52768588066101
-5.111240361161473 39.65855431556702
-8.901313010299043 39.79449915885925
-11.784042893875354 39.9326229095459
2.017474144401464 40.06359148025513
6.429390807002724 40.19715094566345
-4.66533483259455 40.31820201873779
-23.28305233516079 40.459590911865234
7.533634198188298 40.59201622009277
-3.9343550015954487 40.726441621780396
-12.14833466717321 40.86317300796509
-4.793932863124768 40.993396282196045
0.5541960179927284 41.12485146522522
1.8236941479320274 41.26156520843506
-8.489677392149089 41.393248081207275
17.686392079404797 41.53220748901367
9.338546529619418 41.66364312171936
-17.971790090550716 41.93131756782532
0.8351047363371249 42.32783913612366
-17.2286516917368 42.46538734436035
16.42985970857404 42.72501492500305
-23.644868033407302 42.86003851890564
-10.481120450955466 42.99485182762146
17.401166488472555 43.229002475738525
-8.70157636145434 43.76106142997742
-10.158008949181387 44.56962537765503
2.1330627686633026 44.70026469230652
1.176207390933005 44.833107233047485
11.854487148356613 45.102097511291504
-19.53700150544083 45.632182121276855
1.2215627649217455 45.86791491508484
-9.724145951823777 46.26614332199097
16.730464190336797 46.396989583969116
-30.479658789616625 46.540319204330444
1.0223518112362788 46.66805911064148
-9.396442964553412 46.803011417388916
1.0339646606953508 46.92859959602356
-35.860676637756676 47.065104961395264
2.141170550425283 47.19409394264221
1.1785920311772067 47.330193758010864
-8.624252660896127 47.477996826171875
-0.3541343127669961 47.595707416534424
1.2908071804952372 47.73192858695984
1.2591907261993958 47.992133140563965
-8.387569504571678 48.14094519615173
2.2726579555163364 48.27019906044006
-7.700017453448091 48.406909465789795
0.4164361508901529 48.52615547180176
-28.75915751415621 48.64741325378418
0.38306826373827063 48.80010461807251
-22.734650927416187 48.9320707321167
-6.373419821353637 49.06786274909973
-28.681795822838943 49.199817419052124
-7.037931730385292 49.46754503250122
-7.037931730385292 49.59792447090149
-7.037931730385292 49.72867798805237
-15.31883335921638 49.86507034301758
-15.31883335921638 50.00149583816528
-15.31883335921638 50.138577699661255
-15.31883335921638 50.27025604248047
4.203302194473209 50.39482641220093
-15.31883335921638 50.53520178794861
4.203302194473209 50.66344904899597
-33.36074832515769 50.80051827430725
-15.582183331266155 50.944467306137085
-3.3576521378932127 51.101213216781616
-7.3932119373366625 51.232080936431885
-7.671002528125872 51.47080898284912
-15.941207259058512 51.59549379348755
2.2833506849056353 51.73396611213684
-23.8312595446795 51.99606895446777
1.3177200345824165 52.13240337371826
-13.640716615389053 52.26498198509216
-9.266783736703022 52.40626549720764
-3.3110320785743306 52.528979778289795
0.39697406415600767 52.6606969833374
-10.92052946529532 52.93750858306885
-9.53452116678971 53.070066690444946
-9.53452116678971 53.33527445793152
-10.92052946529532 53.59923076629639
-25.637753951751936 53.725189208984375
-25.637753951751936 53.86245155334473
-18.77122728531181 54.10976195335388
-9.615206408164259 54.361610412597656
-3.2810784823723456 54.490954637527466
1.4473622127283494 54.623098373413086
1.4687625234542296 54.757744789123535
-9.777894490359818 54.896414279937744
-9.854441113225715 55.02865505218506
-9.628065279656878 55.160353660583496
2.426305380319817 55.295815229415894
1.5949116734721436 55.427420139312744
-23.790520501165506 55.55939316749573
4.946405637787718 55.69135522842407
-31.78158566944371 55.823859453201294
-10.656872741990977 55.964834451675415
1.1962984661730953 56.09021520614624
8.214709643630217 56.22547698020935
-20.553555383407893 56.35942053794861
16.16977153500974 56.493507862091064
8.173399308679501 56.62453889846802
-30.380985918976055 56.76366400718689
-25.75023170861303 56.86839771270752
-7.286891778269097 57.00084066390991
-13.421632911263597 57.12600564956665
-13.225159847169953 57.25820207595825
6.203712403191137 57.397459268569946
-7.687893377633022 57.52363395690918
3.0068184764583177 57.659948110580444
-5.372156194259331 57.79228711128235
-16.18981370994166 57.92585349082947
6.450301462089904 58.06349015235901
-14.623939955338601 58.19534254074097
-8.838534402062598 58.32416653633118
1.4585703389705407 58.46186113357544
-7.9721199864328085 58.59677219390869
-16.50204989953915 58.858956813812256
-9.038744223205233 58.994019746780396
-15.262548027271285 59.12536835670471
-8.468811282322196 59.2586395740509
-17.343560675977326 59.3959846496582
1.419642920761965 59.53542447090149
-28.40761606259918 59.70166540145874
-13.075699216437283 59.82696342468262
-41.339159591497335 59.96302676200867
-6.308521313586718 60.22620224952698
-8.64358585120713 60.36656093597412
-8.64358585120713 60.50133013725281
-18.005625901721764 60.63024401664734
19.4434235011156 60.75974678993225
1.3740834246109874 60.89989638328552
-0.3984824125219247 61.0262246131897
-9.182796109201826 61.164318323135376
-18.088899764852627 61.43659567832947
-9.266783736703022 61.56840682029724
10.115679694496777 61.69567561149597
-9.266783736703022 61.83151578903198
-9.266783736703022 61.96290564537048
-9.266783736703022 62.103015184402466
-9.266783736703022 62.23506307601929
-9.266783736703022 62.36710286140442
-9.266783736703022 62.47024345397949
-18.71176244633643 62.59495258331299
-9.266783736703022 63.26909565925598
-9.266783736703022 63.40205693244934
-9.18203484556318 63.53177762031555
-9.0120017015887 63.667540073394775
-3.063518103964909 63.79883623123169
1.1228913902517983 63.92421531677246
-2.1511524276758007 64.19515895843506
-25.2677762233735 64.4657940864563
10.785094049542844 64.59269571304321
16.85029140318878 64.99899864196777
8.494869377081388 65.13302707672119
7.458893218430908 65.2628812789917
-0.9511780524496518 65.39862132072449
0.38717409734670677 65.5236439704895
-22.598849316187458 65.66284036636353
-17.137060713561812 65.79667019844055
-4.518793641732023 65.92638754844666
0.49075783998776834 66.06392335891724
-10.100192429595243 66.1921808719635
-22.07959141909214 66.32707452774048
0.46747059347042713 66.46367168426514
0.41641811008366714 66.5958616733551
-13.053781398881496 66.73406529426575
5.379044601973241 66.86287355422974
-21.467472147163246 66.999675989151
-10.910754416992377 67.14016723632812
5.546211934763206 67.26587891578674
0.3038333210438796 67.39093017578125
-2.5536958429369974 67.53047275543213
8.853813951814905 67.66398429870605
-1.9145388617614711 67.92476296424866
-1.1000170582180644 68.03692579269409
15.07802960487495 68.15839195251465
-11.320510011572777 68.29976272583008
0.2738087330705294 68.4250738620758
15.615242410983805 68.56149816513062
-28.337820644272966 68.69106960296631
-23.219294863546423 68.82316279411316
0.4516559606197822 68.95550847053528
-24.773480049848967 69.09133005142212
-24.97544161841453 69.22315907478333
-25.108050084942082 69.35869550704956
-25.31475894361957 69.49243450164795
-23.340458782705547 69.62362742424011
10.286991371346327 69.75717425346375
-13.721097736970794 69.89153337478638
7.414685282745139 70.16081237792969
7.362299692817574 70.28967475891113
7.362299692817574 70.423095703125
7.362299692817574 70.5539619922638
-1.6248456526685817 70.69189620018005
-1.6248456526685817 70.8135232925415
7.362299692817574 70.95764946937561
-1.6248456526685817 71.09122204780579
-1.9105193422720428 71.22103428840637
0.673500398971233 71.35532402992249
0.673500398971233 71.48863554000854
19.789396431933536 71.62956953048706
-13.95913662135764 71.75552225112915
-26.100128362272606 72.02590703964233
-6.335303445652007 72.1708550453186
-6.607950728351562 72.42329168319702
-17.272198768443236 72.56102848052979
8.690922915125512 72.68994116783142
12.513585198210981 72.82087182998657
-18.961910187194743 72.95476174354553
-16.148489549034043 73.09148573875427
-15.408863624443654 73.2238552570343
0.9502714707527159 73.35534143447876
7.740501900843468 73.49063444137573
-11.854110813575458 73.60425972938538
-11.854110813575458 73.72356629371643
-11.854110813575458 73.855473279953
-11.854110813575458 73.98901033401489
-11.854110813575458 74.12265086174011
-11.854110813575458 74.25596141815186
-11.854110813575458 74.53122186660767
-11.854110813575458 74.66277432441711
-11.854110813575458 74.80271935462952
-11.854110813575458 74.93234395980835
-11.854110813575458 75.3314139842987
-11.854110813575458 75.47270965576172
-11.854110813575458 75.72463965415955
-11.854110813575458 75.8628180027008
-11.854110813575458 75.99192786216736
-11.854110813575458 76.13427019119263
-11.854110813575458 76.26421236991882
-11.854110813575458 76.39362454414368
-11.854110813575458 76.49803113937378
-11.854110813575458 76.63162064552307
-11.854110813575458 76.75930285453796
-11.854110813575458 76.89989447593689
-25.00101754749329 77.02212429046631
-25.00101754749329 77.16340565681458
-25.00101754749329 77.29120302200317
-25.00101754749329 77.42813777923584
-11.854110813575458 77.55578875541687
-11.854110813575458 77.69341039657593
-25.00101754749329 77.83014059066772
-25.00101754749329 77.95787715911865
-25.00101754749329 78.09723281860352
-25.00101754749329 78.2407910823822
-30.29747341609828 78.3925929069519
13.20268437430283 78.5289056301117
-11.97074290660189 78.65733337402344
-11.97074290660189 78.79593086242676
-11.97074290660189 78.93239784240723
-11.97074290660189 79.05544066429138
-25.05616515243686 79.19338726997375
-12.0872064480987 79.30550718307495
-13.276333318055194 79.41787719726562
0.788204356588973 79.55680251121521
-3.6409661033553644 79.69761991500854
8.658388291792154 79.82462120056152
-13.957219785052656 79.96667146682739
0.3492021079884022 80.09672904014587
-14.512566062478506 80.23293495178223
9.891206347029469 80.36409163475037
9.916064286041216 80.49079012870789
-30.045259671924537 80.62904214859009
-9.21548402651837 80.76433944702148
-12.412589639824768 80.89360570907593
-22.611341272838057 81.0348436832428
-2.7421809899132 81.30243706703186
1.1564737290643317 81.42829966545105
-17.106101202261485 81.55787444114685
-8.253918716585682 81.82963228225708
-17.106101202261485 81.95593881607056
-17.106101202261485 82.22899198532104
-17.106101202261485 82.35664367675781
1.1564737290643317 82.49276041984558
2.144247043841891 82.75612735748291
-17.556535865776183 83.1564953327179
-2.982335598613725 83.4330883026123
-30.902191157732062 83.56568837165833
-24.1388427608379 83.68933844566345
-22.18546701666762 83.82289218902588
0.6585336323697958 83.95499300956726
1.3970678037912339 84.21795082092285
-16.09323580902181 84.35723280906677
-10.777841969362848 84.49448752403259
0.6248399953784263 84.6194760799408
1.3400558975359187 84.75225114822388
1.3400558975359187 84.88558197021484
-5.455365000656626 85.02646803855896
6.877678412093443 85.29102993011475
-6.4232447722445905 85.42017364501953
-7.527123798441655 85.55442905426025
1.4633495893047619 85.6878969669342
-7.527123798441655 85.81031155586243
-7.527123798441655 85.95415353775024
-16.436459358660617 86.22145795822144
-2.8424754452154524 86.36008167266846
-29.67876257963608 86.48723101615906
-7.527123798441655 86.62107157707214
-7.527123798441655 86.755930185318
-7.527123798441655 86.88782596588135
-13.89656814764146 87.02176809310913
-16.436459358660617 87.15824723243713
-16.436459358660617 87.29523587226868
-16.436459358660617 87.42526769638062
-8.073990745866988 87.55661058425903
1.319537983488475 87.68558645248413
-8.073990745866988 87.82323265075684
-8.257387467096072 87.95395994186401
-10.537008669205456 88.09497570991516
-16.436459358660617 88.22236037254333
1.3180572758599352 88.35334134101868
-6.335372778134468 88.48902487754822
-14.617801656628718 88.59530901908875
-16.436459358660617 88.7232756614685
-12.897544229749906 88.85603094100952
-12.897544229749906 88.9892783164978
-12.897544229749906 89.12221550941467
-16.436459358660617 89.2549033164978
-14.617801656628718 89.388592004776
-14.617801656628718 89.54185962677002
-13.89656814764146 89.69098377227783
-12.897544229749906 89.82957983016968
-15.161600784046167 89.95947813987732
1.332192523420043 90.08875393867493
-30.218232095213978 90.23358249664307
-24.10694260619947 90.3632743358612
1.4481859976110867 91.02805709838867
-9.93317047458694 91.5117084980011
-9.83987293887525 91.66772317886353
-9.908951662664979 92.19703960418701
18.251580115723034 92.32569289207458
-10.267810686099562 92.99732398986816
-12.516726530471376 93.13338541984558
22.650579976416356 93.55715107917786
0.7629570190134575 93.82681202888489
0.599163644242741 94.0775101184845
-10.079234452140943 94.23878145217896
-0.33229818394752725 94.76246190071106
8.638201526650263 94.88771915435791
-48.03712778270141 95.02932810783386
7.747513164215437 95.15266585350037
-39.903009321691826 95.28777766227722
-5.419473925678885 95.4209349155426
-13.316305375035933 95.5709662437439
-16.60036626926043 95.69452142715454
-15.798177634208576 95.83214831352234
-14.924424203313231 95.9599916934967
-25.106100970946127 96.08918881416321
-15.394837755855862 96.23136115074158
-24.325211397146916 96.36963224411011
-9.390067040085107 96.62634205818176
-10.494627772403838 96.86089992523193
-10.43165303751138 96.99048352241516
-11.662621639273231 97.12396097183228
8.706860501674324 97.26301598548889
1.9694769725987626 98.8520987033844
-13.077422203435066 98.98713731765747
-11.139269993543174 99.52036046981812
-14.611612536010417 99.65813040733337
4.186983501566321 100.05148458480835
-24.54857742039081 100.18701219558716
-11.959939101623927 100.31930351257324
-16.7006016454647 100.58436059951782
-6.591310672212888 100.71772003173828
-17.19209296292131 100.85264730453491
-12.279821970782322 100.984548330307
-17.91206114765568 101.11752104759216
-17.157709827568464 101.25798153877258
-17.157709827568464 101.39180326461792
-17.157709827568464 101.52676057815552
-12.279821970782322 101.65234661102295
-17.91206114765568 101.78427577018738
-17.157709827568464 101.92357850074768
-17.157709827568464 102.0605776309967
-17.157709827568464 102.19286370277405
-17.91206114765568 102.31788873672485
-6.524944204718856 102.45371532440186
-12.279821970782322 102.58677697181702
-7.449737266115987 102.71659469604492
-17.157709827568464 102.85770988464355
-12.279821970782322 102.9853105545044
-12.279821970782322 103.1174042224884
-17.91206114765568 103.2529947757721
-17.91206114765568 103.3839738368988
-12.279821970782322 103.52127742767334
-12.279821970782322 103.65200853347778
-17.157709827568464 103.79039597511292
-7.449737266115987 103.91708469390869
-17.157709827568464 104.0603129863739
-12.279821970782322 104.18386673927307
