0.2400968302625922 1.5030362606048584
0.07714207722900104 1.6439886093139648
-0.019435629191921714 1.9016833305358887
-0.10614280647995256 2.1698527336120605
-0.21912271807606043 2.44030499458313
-0.43108417948549005 2.573822259902954
0.41797600862114354 2.708296775817871
0.22020390561456274 2.8421928882598877
0.31100324641619376 2.9626355171203613
1.4241504613095772 3.5074191093444824
1.8561618519805645 3.7709033489227295
2.0808293682898498 4.438469409942627
2.2816180195377465 4.844362497329712
1.1789893730486112 5.10639214515686
0.5517216464213753 5.37234902381897
-0.4668862572520733 5.634804725646973
-1.6026540054509013 5.843795299530029
0.038228532126243935 6.2382214069366455
0.6639841296110245 6.373027324676514
1.1532818957325734 6.639875411987305
-0.43042045889805153 7.705023527145386
-0.7219379977121466 8.108937501907349
-0.14816002352067947 8.235589027404785
-0.9247509961891072 10.26688289642334
-1.4294212969481417 10.399875164031982
-0.7712367910583143 11.067236423492432
1.9995779267473377 11.177001714706421
2.883945717308912 11.297658681869507
2.300567227263249 11.574421644210815
1.133905894476458 12.23287844657898
0.18244496616507502 13.034308671951294
-1.618054481923743 13.166114807128906
-1.0869012391041921 13.94041657447815
-0.5367436296562902 14.627483129501343
-0.7613152901450153 14.912340641021729
0.7579797055890505 15.573930978775024
-0.7125951657921402 15.974814891815186
-0.15282387018182442 16.37110424041748
-1.326709819270696 17.373660564422607
-0.02006431762287329 18.070250749588013
1.839874099964354 18.33440113067627
0.27057388122506404 18.605843544006348
3.382030650480626 19.00003695487976
1.474545361854921 19.266583681106567
2.1686414194055446 19.402312517166138
-0.7135957442084038 19.7362699508667
-0.8982670071159963 20.53953266143799
-0.5434775097178518 20.93802809715271
-0.721187347758389 21.600299835205078
-0.5777553901204004 21.733091354370117
-0.3900269387136355 24.89729404449463
-0.37725249999933924 25.005536794662476
-0.36920519549067615 25.264856815338135
-0.15782394429385865 25.39701271057129
-0.41204094069073127 26.331958055496216
0.6230197136521707 28.164045095443726
2.7875274498270106 28.42867875099182
6.640875081712245 28.700278997421265
11.610078758767836 29.36296558380127
13.22282935016987 30.03981852531433
14.862987550108652 30.30502963066101
14.462658257313656 30.970038890838623
13.243571841735697 31.234395027160645
11.65049099174254 31.7641499042511
9.307789945327896 31.89600157737732
4.645912501114882 32.03283762931824
-0.0378552357068361 32.16491079330444
10.104999065143437 32.55345559120178
3.0464579091131694 32.638519048690796
1.3010757131854338 32.77566409111023
0.19326500962855334 33.16470694541931
-0.8922239971607357 34.23290944099426
-2.7600723034635926 34.501469135284424
-8.285061803063904 34.63403391838074
0.0 34.77122378349304
0.0 34.89754319190979
6.447445653723904 35.04012155532837
2.1701145495675327 35.164520502090454
-0.05635602791792387 35.30364489555359
-2.311053572459246 35.43033576011658
-7.166364086886221 35.56795859336853
-11.14659995689119 36.098201513290405
-14.132842367557641 36.76156806945801
-13.777310946196078 37.03108024597168
-23.237865929352367 37.16515517234802
-30.28317932215522 37.3018364906311
-27.790594193963404 37.43111181259155
-33.637617795014584 37.54696321487427
-37.17507647671116 37.66314482688904
-38.22364351023125 37.93644046783447
-36.23436838823673 38.06374907493591
-38.868699876025296 38.201170682907104
-33.47482018065298 38.47812294960022
-29.99370491244936 38.594231843948364
-29.926842909854123 38.73164629936218
-24.166847653554303 38.87331414222717
-18.199638340264688 38.995352268218994
-10.852643737405119 39.129849910736084
-4.288773256168395 39.25783562660217
0.06092757282368238 39.392988443374634
2.8198595000246542 39.52768588066101
3.802036748015692 39.65855431556702
2.4031025190368096 39.79449915885925
1.0636897305234922 39.9326229095459
0.5042909406515549 40.06359148025513
1.040650405660852 40.19715094566345
1.40413788752409 40.31820201873779
2.9259839549936437 40.459590911865234
4.482068918774415 40.59201622009277
6.578813107710606 40.726441621780396
7.303851006371769 40.86317300796509
9.666205491280655 40.993396282196045
11.021272924991173 41.12485146522522
11.984084739543837 41.26156520843506
19.21798858984788 41.393248081207275
24.596520480375165 41.53220748901367
30.288422888090736 41.66364312171936
33.405991141297115 41.93131756782532
36.0980063626374 42.32783913612366
36.79764248119964 42.46538734436035
33.86454151055596 42.72501492500305
26.315932816238284 42.86003851890564
11.029630513781639 42.99485182762146
7.197642896723223 43.229002475738525
6.949735762030965 43.76106142997742
3.1649470828567243 44.56962537765503
-0.5233463061625215 44.70026469230652
-4.955339379450386 44.833107233047485
-8.46177731652317 45.102097511291504
-11.593493096851654 45.632182121276855
-13.08889082547934 45.86791491508484
-9.54231853475588 46.26614332199097
-16.32884007975315 46.396989583969116
-18.65432933228078 46.540319204330444
-20.681676424078407 46.66805911064148
-21.67099270658502 46.803011417388916
-23.7083136188349 46.92859959602356
-21.82199862445701 47.065104961395264
-21.71625865589616 47.19409394264221
-25.122839584885856 47.330193758010864
-26.34382751568197 47.477996826171875
-27.754510407760424 47.595707416534424
-24.59259603963935 47.73192858695984
-20.440243958956245 47.992133140563965
-12.857648334073177 48.14094519615173
-7.981563957486155 48.27019906044006
-1.6585945996794522 48.406909465789795
0.7251681786423675 48.52615547180176
-0.11187021137085612 48.64741325378418
0.08643255356526451 48.80010461807251
0.8985731069784783 48.9320707321167
1.7387577239313137 49.06786274909973
2.109758094103584 49.199817419052124
3.8647432668012165 49.46754503250122
4.736826579139111 49.59792447090149
4.397134999037207 49.72867798805237
3.706448913012143 49.86507034301758
1.3564991210603308 50.00149583816528
0.7120204268772552 50.138577699661255
-2.365353603648969 50.27025604248047
-4.430584346608129 50.39482641220093
-2.114032070517523 50.53520178794861
0.15467426511566806 50.66344904899597
4.341206438166133 50.80051827430725
7.587972139150856 50.944467306137085
12.080096287623272 51.101213216781616
16.405277195129766 51.232080936431885
20.206331250483032 51.47080898284912
24.858559024407214 51.59549379348755
24.26176111102143 51.73396611213684
25.184164161224604 51.99606895446777
27.619137986409285 52.13240337371826
25.77827882718453 52.26498198509216
29.839394236806893 52.40626549720764
22.694844089653415 52.528979778289795
14.907801164431147 52.6606969833374
12.11569242114905 52.93750858306885
5.116149755991327 53.070066690444946
2.118187216468941 53.33527445793152
-1.1066212263843482 53.59923076629639
0.8242012181125107 53.725189208984375
-3.7618058945452653 53.86245155334473
-9.438042150355923 54.10976195335388
-6.233788014015983 54.361610412597656
-11.162062357703325 54.490954637527466
-15.909389408496583 54.623098373413086
-17.229430595317872 54.757744789123535
-19.980275009126476 54.896414279937744
-22.83662461039976 55.02865505218506
-24.87865893631356 55.160353660583496
-25.89018896380828 55.295815229415894
-28.336044323782698 55.427420139312744
-24.46738760834817 55.55939316749573
-26.537237350886436 55.69135522842407
-27.036533392363896 55.823859453201294
-24.658397463351978 55.964834451675415
-24.787861811300534 56.09021520614624
-22.983471092326614 56.22547698020935
-20.11395635401145 56.35942053794861
-12.426487637936516 56.493507862091064
-8.175585751296449 56.62453889846802
-5.619945646448724 56.76366400718689
-0.7648898875965896 56.86839771270752
-0.7555626045591518 57.00084066390991
0.33685825692177784 57.12600564956665
-0.42606735909749266 57.25820207595825
0.8998987875829714 57.397459268569946
2.687832481777408 57.52363395690918
1.9119985023857777 57.659948110580444
4.0369323578900955 57.79228711128235
4.280632439044659 57.92585349082947
4.923316810059468 58.06349015235901
6.098913820723661 58.19534254074097
8.638017689827269 58.32416653633118
11.072153379877005 58.46186113357544
11.8508491672269 58.59677219390869
14.849527653597404 58.858956813812256
15.689376295831623 58.994019746780396
16.08829017223313 59.12536835670471
16.13089179035961 59.2586395740509
16.2481715832917 59.3959846496582
13.03319865294957 59.53542447090149
12.68299420996181 59.70166540145874
14.331167163511338 59.82696342468262
14.630012355809868 59.96302676200867
13.186914668141466 60.22620224952698
9.29042548888622 60.36656093597412
9.936608019965664 60.50133013725281
2.2005340144759438 60.63024401664734
3.7852832992763 60.75974678993225
10.238911834916868 60.89989638328552
9.95276296516195 61.0262246131897
9.554528994488235 61.164318323135376
5.78868505224681 61.43659567832947
4.394975040394141 61.56840682029724
-1.7084141440331995 61.69567561149597
-3.8858696278275664 61.83151578903198
-0.7008862518377709 61.96290564537048
-1.078603132378237 62.103015184402466
2.945136814884835 62.23506307601929
0.5454629993324954 62.36710286140442
-0.09317169376911222 62.47024345397949
-0.5411381094159478 62.59495258331299
-1.043210639657853 63.26909565925598
-2.1931549454026396 63.40205693244934
-4.615692263578404 63.53177762031555
-11.192016963561525 63.667540073394775
-19.027991049191126 63.79883623123169
-23.45345674049796 63.92421531677246
-27.84761418902399 64.19515895843506
-28.49693933756952 64.4657940864563
-28.72302603056565 64.59269571304321
-27.151259226094403 64.99899864196777
-23.860259597139677 65.13302707672119
-20.0090367509826 65.2628812789917
-11.45394331125761 65.39862132072449
-9.225531368299146 65.5236439704895
-3.3306643364241704 65.66284036636353
-1.1077423818098695 65.79667019844055
-0.42296042394882377 65.92638754844666
1.861831765030587 66.06392335891724
2.5293500702575 66.1921808719635
2.5361509534154796 66.32707452774048
3.113236820259871 66.46367168426514
4.601294497867739 66.5958616733551
5.912875133511837 66.73406529426575
4.52544842409704 66.86287355422974
4.622785615026886 66.999675989151
4.179940702937398 67.14016723632812
3.710413400623291 67.26587891578674
4.125793285977247 67.39093017578125
4.749222909978549 67.53047275543213
5.487302282877121 67.66398429870605
7.761224565095368 67.92476296424866
12.641212707973908 68.03692579269409
11.580090923396916 68.15839195251465
10.145870322775423 68.29976272583008
7.938537859243907 68.4250738620758
8.177127002363978 68.56149816513062
7.354303484638813 68.69106960296631
8.482573684208303 68.82316279411316
15.818792939618012 68.95550847053528
15.187361138985333 69.09133005142212
12.285467642817698 69.22315907478333
13.69142468259994 69.35869550704956
11.736622577132886 69.49243450164795
8.931687364621563 69.62362742424011
5.584687643439009 69.75717425346375
3.9022681150969967 69.89153337478638
1.4524892985534303 70.16081237792969
0.5849717779713712 70.28967475891113
3.9724133486303743 70.423095703125
2.4218418853992607 70.5539619922638
3.1790304776840133 70.69189620018005
0.27524241262525617 70.8135232925415
0.11606671078296596 70.95764946937561
-0.7363471931353335 71.09122204780579
-4.71181328329092 71.22103428840637
-3.7358915220197795 71.35532402992249
-7.3626844339313795 71.48863554000854
-8.2296628157486 71.62956953048706
-12.838869006364517 71.75552225112915
-12.894425504762472 72.02590703964233
-14.01034205424069 72.1708550453186
-18.51413634429508 72.42329168319702
-19.687390974581973 72.56102848052979
-19.229071688371217 72.68994116783142
-16.128351792831623 72.82087182998657
-11.797359525717603 72.95476174354553
-4.769477322475962 73.09148573875427
-0.9621060477663693 73.2238552570343
1.7974630085380745 73.35534143447876
2.9489678003604327 73.49063444137573
2.2696733039092014 73.60425972938538
0.9938378915282636 73.72356629371643
0.4693483158204838 73.855473279953
-9.791067818862272e-28 73.98901033401489
2.8762738073513427e-28 74.12265086174011
7.872724410732225e-28 74.25596141815186
5.2735005896593805e-28 74.53122186660767
5.922862127092207e-28 74.66277432441711
-3.6260966750093787e-28 74.80271935462952
-1.6525668098060438e-28 74.93234395980835
-3.1241198263628186e-28 75.3314139842987
1.6429278738252563e-28 75.47270965576172
1.9102921358075097e-28 75.72463965415955
-2.8752667751712764e-28 75.8628180027008
-3.4081838956769075e-28 75.99192786216736
8.447755216962711e-28 76.13427019119263
-8.814345373424468e-28 76.26421236991882
9.122477457567176e-28 76.39362454414368
4.497668283691243e-28 76.49803113937378
-0.5534498346384839 76.63162064552307
-0.8999102446150421 76.75930285453796
-1.0469816753729506 76.89989447593689
-1.0428628072385904 77.02212429046631
-0.3487572464202298 77.16340565681458
0.3543152287097756 77.29120302200317
0.5127116314250804 77.42813777923584
0.16903993906158718 77.55578875541687
-0.17759200907014575 77.69341039657593
-0.5184192900086669 77.83014059066772
-1.1154354412313692 77.95787715911865
-0.9635443279178022 78.09723281860352
0.18374437039284236 78.2407910823822
0.6828861390026091 78.3925929069519
1.0423791339649089 78.5289056301117
1.2713830938483763 78.65733337402344
0.7986259266121801 78.79593086242676
0.4362427133557874 78.93239784240723
1.4768769029087996 79.05544066429138
6.335191485759553 79.19338726997375
12.302667933914607 79.30550718307495
17.017944216847244 79.41787719726562
21.335023919393056 79.55680251121521
22.512332727412296 79.69761991500854
22.996803899782627 79.82462120056152
22.67213856957684 79.96667146682739
20.731081050318473 80.09672904014587
19.821232820633078 80.23293495178223
22.837588888867373 80.36409163475037
18.94391469969784 80.49079012870789
19.27482201140864 80.62904214859009
17.378247445921794 80.76433944702148
17.954651737371922 80.89360570907593
12.716525781488452 81.0348436832428
4.2252387057259755 81.30243706703186
4.071014801248882 81.42829966545105
-0.6200059618317726 81.55787444114685
-1.587952979927388 81.82963228225708
0.41648425725490545 81.95593881607056
1.6394939636359993 82.22899198532104
-1.2985061227305932 82.35664367675781
-6.281098116939385 82.49276041984558
-10.401810743910294 82.75612735748291
-13.803224375573452 83.1564953327179
-17.511780112704013 83.4330883026123
-20.741823867188685 83.56568837165833
-27.262705464436355 83.68933844566345
-26.791286675887882 83.82289218902588
-19.709126905707546 83.95499300956726
-16.87073962415732 84.21795082092285
-11.798299370322455 84.35723280906677
-5.310684404592302 84.49448752403259
0.8988240095824994 84.6194760799408
0.5995722483453172 84.75225114822388
-0.9985041005222538 84.88558197021484
0.40412922848770594 85.02646803855896
-1.0900565054656692 85.29102993011475
-1.6721448905033935 85.42017364501953
-2.27224679316157 85.55442905426025
1.39024959275751 85.6878969669342
4.160183752621824 85.81031155586243
1.443527977280367 85.95415353775024
0.2902924113232748 86.22145795822144
-0.4135661934132232 86.36008167266846
-1.7456825720971831 86.48723101615906
-3.7303534691207547 86.62107157707214
-0.6663918501741166 86.755930185318
4.36434820741015 86.88782596588135
3.762684970227247 87.02176809310913
0.23522495237675253 87.15824723243713
-0.5486176462116642 87.29523587226868
-3.779894255883998 87.42526769638062
-4.7312699728071514 87.55661058425903
-0.3463630083064344 87.68558645248413
2.797720701863607 87.82323265075684
4.618269102654434 87.95395994186401
1.457465419284467 88.09497570991516
0.9161529387241484 88.22236037254333
-0.6883313743944707 88.35334134101868
-3.0784988116316416 88.48902487754822
-1.5806790631673542 88.59530901908875
-0.35221391538590735 88.7232756614685
1.5233622559137343 88.85603094100952
-0.009112264586530682 88.9892783164978
-1.4051156540221166 89.12221550941467
-0.21143143452677224 89.2549033164978
-0.6705939490849177 89.388592004776
-1.2739842842779623 89.54185962677002
-1.1703046425267685 89.69098377227783
2.9500979866741623 89.82957983016968
8.847543459953341 89.95947813987732
29.085442844611695 90.08875393867493
41.524638805276666 90.23358249664307
43.68017104466073 90.3632743358612
37.75187836904881 91.02805709838867
32.29891231386382 91.5117084980011
17.56224093782127 91.66772317886353
3.0748673618707065 92.19703960418701
-12.883784394405481 92.32569289207458
-15.984552691979168 92.99732398986816
-22.307129763751657 93.13338541984558
-24.005880556399205 93.55715107917786
-32.25170311985289 93.82681202888489
-35.88096197717514 94.0775101184845
-33.89663744650192 94.23878145217896
-36.21972302459855 94.76246190071106
-32.511261510548 94.88771915435791
-29.86505549563806 95.02932810783386
-13.28608266250711 95.15266585350037
-7.254944099174619 95.28777766227722
-3.0434653222656647 95.4209349155426
0.9599034099932126 95.5709662437439
4.347046266016994 95.69452142715454
8.779168793847091 95.83214831352234
10.597482778432461 95.9599916934967
15.635923824289844 96.08918881416321
22.152101133991096 96.23136115074158
27.265146974321485 96.36963224411011
32.19969780918259 96.62634205818176
35.724058502908434 96.86089992523193
28.27667719917204 96.99048352241516
23.47818923670981 97.12396097183228
15.705436593768514 97.26301598548889
11.059809026005109 98.8520987033844
3.12035827401122 98.98713731765747
-5.484579223919361 99.52036046981812
-38.728919009799746 99.65813040733337
-39.747040277878384 100.05148458480835
-43.658261851657954 100.18701219558716
-39.506504501100025 100.31930351257324
-26.25827953685209 100.58436059951782
-17.556933090696 100.71772003173828
-5.817886607827519 100.85264730453491
4.865593875524609 100.984548330307
7.711887117623825 101.11752104759216
4.191020078566741 101.25798153877258
0.15534496294154163 101.39180326461792
0.023321727785627574 101.52676057815552
-0.8670813354370474 101.65234661102295
1.0739092863043644 101.78427577018738
0.2207365330127882 101.92357850074768
-0.8316075794599138 102.0605776309967
-3.6760780263087436 102.19286370277405
-5.397208458246138 102.31788873672485
-1.3623662120799362 102.45371532440186
-0.4415717547285481 102.58677697181702
1.4588457871002207 102.71659469604492
0.820323625480223 102.85770988464355
-1.3037789191633393 102.9853105545044
-2.7444517762782406 103.1174042224884
-2.9266095047686838 103.2529947757721
2.9425772256672325 103.3839738368988
2.790839252985895 103.52127742767334
4.338387416818944 103.65200853347778
2.1912229649915815 103.79039597511292
