-23.051581238484165 1.1018791198730469
1.4170143781137303 1.1977591514587402
1.4170143781137303 1.3651552200317383
2.002165861767059 1.4486041069030762
2.5181167479222895 1.6987063884735107
4.137222646608372 1.7991821765899658
1.3201346289193343 1.9022777080535889
-1.1775730648395644 1.9985451698303223
-1.338172054461365 2.2670366764068604
-1.6458074684008226 2.3630189895629883
-0.1502451259023593 2.461721658706665
4.448852148963959 2.5637521743774414
0.894069525364101 2.661269187927246
0.8809891732855675 2.762388229370117
-0.23368726508228824 2.861503839492798
2.222858128276244 2.951381206512451
1.9646130096994083 3.0231056213378906
1.9646130096994083 3.110836982727051
-0.8608732666169608 3.2116053104400635
1.3201346289193343 3.3089935779571533
-5.71422553946326 3.5750186443328857
0.10007702322213093 3.7584547996520996
-1.338172054461365 3.8586223125457764
1.9646130096994083 3.959073543548584
-1.338172054461365 4.056490421295166
1.5685293236891629 4.158137798309326
-17.90269070108443 4.265944957733154
-2.247501745486831 4.356343507766724
1.9453094736059757 4.455292463302612
-0.7886920812760092 4.5610175132751465
-3.367542850676634 4.737087249755859
-0.7105302559145777 4.837725400924683
2.0273365189124135 4.950638055801392
-0.47927718538038105 5.037524938583374
-1.338172054461365 5.138731002807617
-1.5112711667495753 5.2371666431427
0.9404198279858602 5.33698296546936
0.8718954324717918 5.52158260345459
-0.47927718538038105 5.622525691986084
-1.6458074684008226 5.721243858337402
4.012111997553049 5.794521331787109
0.23844385710237279 5.970468997955322
1.9277257559631045 6.091393947601318
-1.338172054461365 6.196666717529297
-0.47927718538038105 6.295492649078369
-0.8867312940568927 6.409235000610352
-0.3460353034181509 6.507416009902954
3.380747204720127 6.608373641967773
1.278305280126786 6.715859889984131
-0.021539806828970307 6.825231552124023
-0.7886920812760092 6.927436351776123
2.154799364950224 7.037919282913208
-1.338172054461365 7.1370689868927
-0.7747284470453756 7.2364771366119385
-0.8608732666169608 7.339828729629517
-1.5112711667495753 7.536589860916138
1.7077350994577203 7.635321378707886
-28.490882015046314 7.734523773193359
-0.7886920812760092 7.835498809814453
4.175639181635719 7.938937664031982
-1.7814276479829723 8.03864073753357
1.9756466541337918 8.13736867904663
-25.191413775100962 8.238392353057861
6.923779794267554 8.3365159034729
5.111541587899066 8.441149473190308
1.3024042365560053 8.539950847625732
-0.26585949431216005 8.726156949996948
1.4337563544015701 8.80268144607544
1.9453094736059757 8.880363464355469
-0.4272888238786819 8.986426591873169
-0.021539806828970307 9.097471475601196
4.555709313536105 9.205511331558228
5.580530295187848 9.303170919418335
-0.4272888238786819 9.396780490875244
3.013787073291179 9.498112440109253
1.7570890711221505 9.595186948776245
-0.3255152342090908 9.694572925567627
0.9295669884994954 9.794433355331421
1.9866145899617833 9.901059627532959
1.7570890711221505 9.99271297454834
1.3949051955348568 10.192533254623413
1.9756466541337918 10.295249700546265
1.3201346289193343 10.390313148498535
1.7077350994577203 10.692380905151367
1.9756466541337918 10.790851593017578
-1.5112711667495753 10.890678405761719
-0.8618133202089365 11.08933973312378
-26.693583261107424 11.190020561218262
1.3949051955348568 11.443603038787842
4.4548505624661185 11.508678674697876
-1.2645662365716654 11.606070280075073
5.060306054211779 11.705384254455566
-0.3255152342090908 11.805843353271484
-1.2645662365716654 11.905187129974365
1.956928861005535 12.104856252670288
1.388798327945654 12.205464363098145
1.7634702218520906 12.307077646255493
-0.8867312940568927 12.503442525863647
1.9866145899617833 12.607451677322388
8.078251506461392 12.706128120422363
1.3419285198124171 12.811749696731567
4.4548505624661185 12.918907880783081
-0.34359908220497504 13.018341064453125
1.4114651647878318 13.117520570755005
1.5092786754715062 13.217170000076294
-1.180295716655201 13.31836223602295
-0.47927718538038105 13.426463842391968
-1.338172054461365 13.537543058395386
2.154799364950224 13.637173414230347
3.7067186848873934 13.737525701522827
2.0261690547151168 13.940663814544678
1.438373746855092 14.066043615341187
-1.180295716655201 14.140557765960693
-26.261636262212836 14.211375713348389
1.8387318794792094 14.417823791503906
1.3249973063526734 14.51670789718628
3.986165592079507 14.616576194763184
0.5049383324958449 14.719043016433716
3.745880602498251 14.828322887420654
-0.7747284470453756 15.094208478927612
3.6025474276466585 15.193961381912231
-1.180295716655201 15.289537191390991
1.278305280126786 15.473037004470825
2.116596233000626 15.570616245269775
1.4337563544015701 15.670323371887207
-25.642270488457534 15.773969411849976
-0.8209575056586139 15.87426209449768
5.10457647410025 15.97029423713684
-1.2645662365716654 16.06861901283264
4.615716775420594 16.250988483428955
4.615716775420594 16.351474046707153
-1.180295716655201 16.450244188308716
2.58553284959193 16.550724029541016
-1.2645662365716654 16.65062141418457
1.7077350994577203 16.749869346618652
0.9295669884994954 16.850419759750366
-1.4111269398783033 16.94834589958191
1.7077350994577203 17.040203332901
-1.338172054461365 17.214677810668945
-0.3777510452214757 17.317692756652832
0.5049383324958449 17.416105031967163
-0.7747284470453756 17.513822078704834
1.9866145899617833 17.613733053207397
5.107892253802521 17.71361756324768
-1.2645662365716654 17.813806772232056
3.379727433955512 17.912935972213745
1.956928861005535 18.012144088745117
1.4408508185614377 18.112016439437866
0.855980803550372 18.212910413742065
2.116596233000626 18.313061475753784
1.800394864206386 18.411646127700806
-1.2645662365716654 18.51252055168152
4.0935234891127585 18.614007711410522
3.061272499236436 18.711957693099976
0.5049383324958449 18.894957780838013
-1.2645662365716654 18.993194818496704
3.793589784092707 19.091625928878784
-0.7886920812760092 19.19264531135559
4.615716775420594 19.374308347702026
1.956928861005535 19.474361658096313
1.9756466541337918 19.57435655593872
1.2551026219344648 19.672992944717407
7.220041377875304 19.85296607017517
1.956928861005535 20.355559587478638
-0.8209575056586139 20.467537879943848
1.9756466541337918 20.554036617279053
0.8718954324717918 20.667412996292114
-1.2645662365716654 20.83566164970398
4.4548505624661185 20.923903942108154
-1.3601991166967542 21.020694255828857
-23.68042544004067 21.14185118675232
-1.2645662365716654 21.34810185432434
-0.3255152342090908 21.448649883270264
-0.3255152342090908 21.54238271713257
1.9756466541337918 21.63991904258728
-20.62113827276331 21.73871922492981
0.9295669884994954 21.940625190734863
-3.73486302623074 22.039881467819214
-0.4272888238786819 22.143160104751587
-0.7886920812760092 22.23910427093506
4.0984327082311625 22.438470602035522
-0.8867312940568927 22.63667321205139
-3.9834952264031878 22.737362146377563
-2.3038603612097246 22.8073468208313
4.012111997553049 22.90916872024536
5.580530295187848 23.021019458770752
-1.2645662365716654 32.208555459976196
3.380747204720127 32.30604648590088
-26.165048507924244 32.40082621574402
-2.2646642117650573 32.50076699256897
-0.8448824798075792 32.602522134780884
1.0037112885634494 32.86621713638306
-1.4111269398783033 32.96550536155701
-31.155570563569086 33.071173667907715
-26.280441716091893 33.16438055038452
4.635186976604865 33.26495170593262
5.58325339005202 33.363019943237305
5.58325339005202 33.568267822265625
2.154799364950224 33.646329402923584
5.58325339005202 33.720808029174805
4.113983485694861 33.88094711303711
1.3836451065380164 33.98035264015198
5.58325339005202 34.07897233963013
0.36164272116862584 34.17867732048035
1.9180496966837033 34.280421018600464
1.2662089112577328 34.3801543712616
2.542129012685451 34.47719120979309
1.4420104951848618 34.57672190666199
-1.6199509230223492 34.67728781700134
-1.8912795016223205 34.775996923446655
1.3249973063526734 34.87683963775635
0.9481077680928756 34.98156929016113
4.186603719833063 35.07590651512146
1.9265399415723048 35.26656532287598
4.615716775420594 35.361762285232544
1.9180496966837033 35.62677502632141
-2.97473984240407 35.72771501541138
4.615716775420594 35.82651233673096
2.542129012685451 35.94702482223511
1.3836451065380164 36.04056477546692
6.693750243446018 36.268571615219116
1.9180496966837033 36.363120794296265
1.4420104951848618 36.46474266052246
0.2691102952977506 36.56558012962341
2.2240440638538765 36.66307258605957
-0.30471922371209836 36.76556968688965
3.379727433955512 36.85958170890808
1.7589778423501572 36.96312975883484
1.3836451065380164 37.2467782497406
-26.80097944130375 37.442041873931885
1.3074787826487269 37.54248929023743
5.58325339005202 37.641810178756714
1.4803272570436161 37.7497456073761
-1.4667769416010588 37.859904289245605
-0.03469029435628856 37.95797395706177
1.4432124181400035 38.05875635147095
4.615716775420594 38.15648031234741
4.615716775420594 38.27962899208069
2.4906469667014686 38.393497467041016
5.58325339005202 38.50829339027405
4.615716775420594 38.59457993507385
-25.744595292579763 38.685041666030884
4.635186976604865 38.7778434753418
5.58325339005202 38.89080214500427
-0.48430122365615913 38.99136209487915
-0.507795255391226 39.106566190719604
1.3177496919334808 39.207197427749634
2.58553284959193 39.30267810821533
3.6025474276466585 39.40126824378967
1.956928861005535 39.50115156173706
1.3074787826487269 39.60075569152832
1.4408508185614377 39.69858765602112
1.9180496966837033 39.79918813705444
-1.304714204284959 39.92245030403137
2.447291556815663 40.02084422111511
4.615716775420594 40.214763879776
-29.351558283065952 40.316808462142944
1.4420104951848618 40.420305490493774
-23.427427185682447 40.52205419540405
-26.165048507924244 40.63133907318115
-0.10534469250197463 40.731072187423706
1.956928861005535 40.82991671562195
2.542129012685451 40.931817054748535
1.956928861005535 41.03002452850342
-23.427427185682447 41.130250453948975
0.8126293406203635 41.23131799697876
4.615716775420594 41.3376898765564
-2.223209103462376 41.4533634185791
4.635186976604865 41.56338620185852
-2.1488020893655264 41.659865379333496
1.503044727652985 41.758108615875244
-0.24543465744780332 41.89291524887085
0.41757303865510015 41.996161222457886
1.3074787826487269 42.193251848220825
4.621212896718364 42.573164224624634
1.9868829005949498 43.07476472854614
1.3074787826487269 43.27574443817139
4.100797556090037 43.371708393096924
0.41757303865510015 43.473469495773315
4.186603719833063 43.67394423484802
-1.6199509230223492 43.770880699157715
-1.2645662365716654 43.9754204750061
5.58325339005202 44.07300853729248
4.100797556090037 44.17985200881958
1.3994074720031708 44.4011607170105
3.0340376629888417 44.60071396827698
5.140777763555715 44.87094306945801
-1.3844305496329565 44.936814069747925
-0.3223789216313619 45.02615928649902
-23.32979762980146 45.20953130722046
1.503044727652985 45.3094527721405
1.956928861005535 45.40800738334656
2.58553284959193 45.50779175758362
2.0550055835233287 45.60814070701599
1.2478583805781698 45.707637786865234
-2.223209103462376 45.80790185928345
0.919007514678798 45.908950328826904
1.3074787826487269 46.00830435752869
0.919007514678798 46.1070601940155
4.473772893493047 46.20658493041992
5.58325339005202 46.305612564086914
-1.6199509230223492 46.5715126991272
4.635186976604865 46.67056584358215
-1.6199509230223492 46.93631553649902
1.7589778423501572 47.11916756629944
4.615716775420594 47.304678201675415
1.3074787826487269 47.407756090164185
1.3124716858099579 47.50351572036743
-1.537806464771963 47.60139226913452
4.615716775420594 47.78307843208313
5.58325339005202 47.841888189315796
0.8485231275183156 47.92422819137573
-26.33483429778097 48.01869773864746
0.9514564219302952 48.116267681121826
5.061149000012008 48.21621251106262
0.41757303865510015 48.31728768348694
1.9180496966837033 48.41573143005371
-1.304714204284959 48.51580572128296
-26.303028574971787 48.61536431312561
4.014865229637879 48.71373176574707
-1.3844305496329565 48.798041343688965
1.3836451065380164 48.898003339767456
6.91669129614002 48.99697303771973
1.4420104951848618 49.07870316505432
-0.834987040458783 49.162986516952515
-4.998390267754742 49.26577138900757
1.4420104951848618 49.36327505111694
1.9868829005949498 49.46307158470154
-4.198327492916134 49.563146114349365
-23.691710765149292 49.66334056854248
-23.32979762980146 49.844754219055176
1.2713916200480793 50.11002707481384
2.010362665124538 50.292267084121704
1.3124716858099579 50.48123216629028
-3.6428265088706033 50.64501476287842
2.203865681914589 50.716230630874634
2.3575805242771772 50.808807611465454
1.9868829005949498 51.00343155860901
-1.0259780054863332 51.12025237083435
-26.930870955466972 51.23292851448059
1.3387626196497857 51.3359751701355
3.833773745038347 51.44371151924133
3.619570874143854 51.645402908325195
2.6497287194255588 51.74365496635437
-23.194818285025505 51.84280443191528
1.1490554740937229 52.34374928474426
-0.5250835907333743 52.44379925727844
-25.03764690299774 52.543718099594116
-0.537577737036423 52.64353013038635
1.2080919138023614 52.74488043785095
1.8822687709999302 52.84145498275757
-2.3658718791531648 52.94224405288696
-1.3196878062160466 53.0465304851532
-1.9684342044510525 53.144442081451416
-4.97049073759946 53.24859857559204
1.1499448187668129 53.360687017440796
-15.464653860032499 53.436240434646606
-6.150160038991607 53.52098870277405
0.0779260943254277 53.62257480621338
-1.262489097977146 53.72997498512268
1.664103038327153 53.823593616485596
-16.725901704731328 53.92355227470398
-3.578820574690344 54.023929834365845
-5.1160217651863755 54.12425398826599
-1.6786777445091348 54.22242283821106
-2.429580570102308 54.323991537094116
-15.561482946598415 54.4192578792572
-10.179444728812218 54.52335715293884
-3.89555399465956 54.61756610870361
-2.0029319129856256 54.717501163482666
-5.57809197356447 54.81819748878479
0.8482012744999868 54.923121213912964
5.173657933899989 55.02790570259094
-2.913271496182677 55.13693904876709
1.9585775134777133 55.23676133155823
-14.45681551092448 55.335055112838745
-7.481420749955892 55.43775796890259
-26.70460395881454 55.53881335258484
-26.31917619606118 55.63716745376587
-5.648521567553643 55.74015522003174
3.3868381150538256 55.85434651374817
-5.83047852534558 55.96066331863403
-2.3933699677817195 56.07090163230896
-5.281102706622575 56.16960883140564
-4.106402642110183 56.266486406326294
-6.855701813186828 56.46054816246033
-3.927287079848695 56.570141077041626
-0.13245071019716717 56.779685974121094
-2.280115862954407 56.88072657585144
-7.94080696798036 56.98177361488342
2.9911468628499702 57.080034017562866
1.9182762782363685 57.181522846221924
-13.69287374372625 57.28363871574402
-5.611237151479983 57.38232064247131
-1.3853129249373914 57.481351137161255
-3.635533070017793 57.59284329414368
1.5323353958982326 57.7813024520874
6.650580343544469 57.87767052650452
-3.842913288445731 57.97664213180542
-4.041731261205339 58.07725381851196
5.263199536589002 58.176796197891235
-0.04378748678097164 58.28957915306091
-14.728015544818163 58.398561000823975
-8.218971558057522 58.52117443084717
-23.895475028775262 58.625815868377686
-20.81666593144921 58.729312896728516
2.042604395201373 58.8441104888916
3.8028908361881184 58.94718408584595
1.03567427605591 59.06044840812683
1.03567427605591 59.15670418739319
-13.794363470862109 59.22802495956421
1.03567427605591 59.33024454116821
7.281498423019206 59.45504808425903
-10.847375698438352 59.55958008766174
-4.322574733390475 59.65683937072754
-21.91727850948619 59.756192207336426
-7.741027362752087 59.86145305633545
-21.91727850948619 59.96703386306763
-3.835113247827966 60.06734824180603
-27.10197400132902 60.164716958999634
-21.6439906799474 60.26524806022644
-1.438512339738408 60.365984201431274
7.281498423019206 60.464624643325806
7.281498423019206 60.562705755233765
-20.33273181263439 60.6631977558136
-10.847375698438352 60.76531505584717
-19.61241508809681 60.862977743148804
-23.687329186540634 60.965726375579834
-13.794363470862109 61.06500315666199
3.8028908361881184 61.16454076766968
1.03567427605591 61.26050639152527
4.663481439306273 61.36122465133667
1.0716571098731789 61.463955879211426
-3.211237283371862 61.5612907409668
-8.28665280544766 61.660067558288574
-16.87868300261043 61.76449656486511
1.0612435928989412 61.858022689819336
-21.22072568571947 61.9602792263031
-3.8351227063565037 62.0322687625885
-27.73095326971121 62.10624575614929
2.105068058780958 62.20961046218872
10.26431907040466 62.3074049949646
-8.813106309956998 62.41384553909302
-19.339034681502692 62.510592222213745
-3.9149781290117005 62.60909581184387
-3.4408640787346263 62.707884311676025
7.838642491092558 62.80661606788635
-24.061592153634013 62.906450510025024
7.741413865690557 63.00570797920227
-30.663131807525936 63.1875114440918
-32.34847648036378 63.29273009300232
2.402918814504334 63.388930559158325
9.670558647260272 63.48672437667847
-0.049352326446106716 63.58797883987427
7.640127934796895 63.68724608421326
-35.744572583258496 63.787643909454346
-33.520111648268575 63.8879177570343
8.438554502255245 63.99071907997131
-38.61674643765868 64.08628821372986
0.5781035942428578 64.18704056739807
5.843411156117261 64.285879611969
5.8975228989190445 64.38840508460999
5.559168285762002 64.48668456077576
-37.26149817379405 64.58359980583191
-33.71940023393529 64.68843817710876
-0.08100415722596392 64.79144763946533
4.3154588615493115 64.88363075256348
-34.97586008694873 64.98335456848145
-39.342439999778755 65.08302712440491
6.088476179352633 65.17091298103333
0.3776879508585131 65.24639511108398
-34.42346386143201 65.3486533164978
-0.09036273820077906 65.45985651016235
-36.93969257241696 65.57641005516052
-33.259655838837446 65.68186569213867
3.895914427815927 65.78558325767517
-32.87562686147396 65.87930798530579
-30.176411523923996 65.98992085456848
0.8014347741852981 66.09902286529541
0.5421301629082507 66.21099472045898
5.9141130693525525 66.32419991493225
9.575333839240441 66.4431631565094
8.011793744911886 66.55085253715515
0.7790822602508004 66.65212202072144
5.975617639084793 66.74920225143433
4.6847447764831776 66.84951686859131
0.5471145050741444 66.94984889030457
5.2088270619284485 67.05146741867065
1.5904582106234266 67.15767288208008
6.50868650455232 67.27691197395325
-25.210137744590543 67.39005589485168
6.460121624712149 67.50271582603455
8.843412960676027 67.61882638931274
6.562973755132995 67.71766543388367
5.283572182996843 67.81839656829834
5.988491526489346 67.93647408485413
1.94639163706342 68.04704117774963
11.32416352548868 68.14547920227051
6.819227647509448 68.23232746124268
8.803160890315082 68.29559969902039
5.985516302967895 68.40675401687622
8.799918523161558 68.51855659484863
5.988491526489346 68.63727021217346
1.5223251273737424 68.74753046035767
1.4326065051497316 68.84462404251099
0.6542944935584181 68.94689464569092
-5.472668315381602 69.04381370544434
-26.680122193362685 69.14563179016113
0.6542944935584181 69.23775267601013
0.32592927138029476 69.34469103813171
-26.680122193362685 69.44286274909973
5.988491526489346 69.53955149650574
5.283572182996843 69.63699293136597
1.0047762529106323 69.73973679542542
5.283572182996843 69.83988523483276
8.316999829567964 69.95584058761597
4.717584647111958 70.0654308795929
5.988491526489346 70.17018270492554
-0.4188137560124426 70.271324634552
6.460121624712149 70.37684392929077
1.197414111301466 70.47432541847229
6.525316750156774 70.573983669281
6.024254202983515 70.67376565933228
0.911254001808423 70.87582850456238
8.549629790685895 70.98886799812317
7.072806188093605 71.0877935886383
9.300433097230156 71.19348692893982
-18.456954287479505 71.3063497543335
-25.3914109847978 71.40102982521057
-15.589568532624364 71.50685667991638
0.8836726540610408 71.61616206169128
-16.936958570169878 71.72130823135376
-26.73007970181273 71.82103180885315
-26.73007970181273 71.94297313690186
-3.8664674912790717 72.15408372879028
0.6475323897933059 72.25291776657104
-12.97536807144302 72.35470342636108
-17.26873860245112 72.45113706588745
0.771506355372511 72.51795315742493
-26.629680714240454 72.63975143432617
9.625908666641413 72.75109505653381
0.14429349217824997 72.97360897064209
0.6475323897933059 73.07954144477844
-22.553757039481056 73.19096326828003
9.625908666641413 73.40631604194641
9.625908666641413 73.6205198764801
0.6475323897933059 73.72944712638855
0.771506355372511 73.83307719230652
-5.766322744989012 73.94528913497925
11.971682669074951 74.05578804016113
-26.629680714240454 74.1639416217804
-5.766322744989012 74.26153302192688
0.771506355372511 74.46054100990295
7.253579951335755 74.56523323059082
7.253579951335755 74.68618869781494
-26.629680714240454 74.79373693466187
-9.47748275461107 75.06878328323364
-5.174499374733125 75.16704368591309
-17.29937051315067 75.26707124710083
5.038131689911545 75.34003973007202
-26.629680714240454 75.42553281784058
1.428348765913667 75.51704692840576
0.771506355372511 75.61908531188965
9.625908666641413 75.71632838249207
0.771506355372511 75.81810688972473
-29.812399062019395 75.91666507720947
-26.629680714240454 76.0182056427002
0.771506355372511 76.11822605133057
-5.766322744989012 76.21525692939758
-22.11274183426605 76.31404280662537
-26.629680714240454 76.41311287879944
0.771506355372511 76.51492857933044
0.771506355372511 76.697683095932
5.038131689911545 76.89606976509094
-26.629680714240454 76.99527597427368
-22.553757039481056 77.09611439704895
9.625908666641413 77.19449639320374
0.771506355372511 77.29578232765198
0.6475323897933059 77.47701621055603
0.771506355372511 77.58093571662903
-3.1159996857753787 77.69135332107544
0.6475323897933059 77.8932249546051
5.84471845080547 78.07918620109558
-1.7329522969475015 78.17566776275635
11.932740287444574 78.2798683643341
0.771506355372511 78.34956789016724
11.932740287444574 78.41317224502563
14.794112687909175 78.50668859481812
0.771506355372511 78.69504117965698
5.851764879414056 78.79383373260498
1.6185728952761762 78.89294815063477
-26.629680714240454 79.07306671142578
-5.766322744989012 79.17241597175598
0.6475323897933059 79.26997399330139
0.771506355372511 79.37340331077576
-9.47748275461107 79.47056198120117
1.428348765913667 79.56954550743103
-24.23745446742965 79.66975402832031
14.794112687909175 79.76870632171631
0.7961577942222136 79.86791658401489
14.794112687909175 79.96800184249878
-26.73007970181273 80.06873154640198
8.010034644087128 80.2506914138794
9.650877731328803 80.35004186630249
-12.311023310769487 80.450021982193
-12.140635597757383 80.54947447776794
-5.2704159396812 80.66115474700928
-15.670619965424658 80.76639676094055
-0.36071243567142824 80.86604070663452
-6.655251084696801 80.97587537765503
-8.111976213943416 81.07939219474792
-3.5612386500607744 81.18642449378967
-12.25649784375383 81.25467491149902
-18.37736932488803 81.35786867141724
18.363000033786143 81.47610926628113
-8.392636250785328 81.59616208076477
13.879002001592928 81.90396523475647
-8.25615432261726 82.00440883636475
-21.882103877350485 82.2245523929596
-19.6184649536587 82.3338475227356
-28.445383624401906 82.53849196434021
-27.570073540249723 82.75170016288757
-25.66762904034779 82.85752820968628
11.228844268163376 83.36859965324402
19.888484000000407 83.59015464782715
-24.9903037465716 83.8133225440979
27.2009788275686 84.58179450035095
19.888484000000407 84.69782733917236
-29.65792226075506 84.91781282424927
-29.65792226075506 85.02926278114319
-21.075067217861683 85.25154829025269
-29.65792226075506 85.77673602104187
26.732685873175516 85.87877631187439
-31.68646097362645 86.19603872299194
-24.514174812029637 86.50971150398254
25.028437079866386 86.80979299545288
-13.243807717941774 86.95363712310791
19.888484000000407 87.27585816383362
16.58709591330464 87.48642492294312
-24.514174812029637 87.90979504585266
19.888484000000407 88.02607846260071
-19.543216909302572 88.14202570915222
22.005433538164496 88.55151891708374
10.189574829869386 88.66370868682861
24.492342139117508 88.86093831062317
-21.075067217861683 89.07368874549866
-18.926048736216348 89.18461418151855
21.971934097577734 89.29433083534241
23.234250917095697 89.69335222244263
-22.88065706936782 89.97049975395203
27.2009788275686 90.4835753440857
24.492342139117508 90.58321118354797
-28.89811294775908 90.76591062545776
-29.22419204884902 90.86811256408691
-28.89811294775908 90.96687698364258
24.934119957962686 91.14825367927551
15.058251614696134 91.33344745635986
-18.59436773477133 91.51366996765137
13.349842674344345 91.613352060318
5.413063801870664 91.71376538276672
-4.474067839476617 91.81252384185791
-12.582847424715075 91.913006067276
14.277433129901555 92.01085042953491
2.207551516150089 92.11207747459412
-5.428441240931876 92.29361510276794
-8.585524250336919 92.39439821243286
-7.431908052851626 92.49647378921509
5.734308015557844 92.57950687408447
-7.884599176557272 92.66326069831848
6.099976653278231 92.75864553451538
-36.70274829798052 92.87918710708618
4.457936932693694 92.97515821456909
-36.11906103636017 93.16176295280457
-35.24320493920369 93.25922131538391
16.30913050014509 93.35933756828308
10.423484172527587 93.4555196762085
11.907832834201198 93.55823802947998
9.875050114499597 93.65573716163635
12.257846718958703 93.75476956367493
10.186975094918559 93.85502815246582
14.41841717242846 93.95413827896118
18.564956068705456 94.0530321598053
17.50899250749037 94.15745139122009
14.643495104493354 94.25331091880798
22.104546104002086 94.35546231269836
-53.4619257317876 94.45438981056213
-51.499815611078624 94.5530035495758
-51.499815611078624 94.65291500091553
12.909284630858041 94.75257062911987
14.534050741552155 94.85158348083496
12.909284630858041 94.95198488235474
-51.499815611078624 95.05078029632568
14.534050741552155 95.15220665931702
-51.499815611078624 95.25042581558228
18.467780477089708 95.35119366645813
18.467780477089708 95.5360836982727
16.479914226746452 95.63967633247375
14.68019023333003 95.73217487335205
14.68019023333003 95.83488082885742
-51.499815611078624 95.96604752540588
-53.18180210136622 96.09372639656067
-51.02627993624751 96.21436142921448
14.68019023333003 96.32983016967773
-51.499815611078624 96.4392626285553
14.68019023333003 96.55948519706726
-51.499815611078624 96.67157292366028
14.68019023333003 96.77988266944885
18.05677271336355 96.88557410240173
-54.62678848227399 96.98610973358154
16.479914226746452 97.09436988830566
14.68019023333003 97.20237112045288
14.68019023333003 97.32314682006836
18.467780477089708 97.4355456829071
16.479914226746452 97.53414964675903
-48.96398128034538 97.63629055023193
12.909284630858041 97.73521947860718
-51.499815611078624 97.83433938026428
16.479914226746452 97.93416166305542
20.836413911864476 98.03378820419312
14.68019023333003 98.13256883621216
-51.02627993624751 98.23204922676086
17.27619461512702 98.33149790763855
13.42249997460743 98.42989182472229
16.479914226746452 98.4978859424591
-51.499815611078624 98.57757496833801
14.68019023333003 98.68534445762634
-51.499815611078624 98.90708947181702
12.909284630858041 99.01275682449341
-51.499815611078624 99.11184883117676
-51.499815611078624 99.21313881874084
-49.69082117883783 99.31823086738586
12.909284630858041 99.43203139305115
14.68019023333003 99.53043127059937
16.479914226746452 99.62779808044434
-49.69082117883783 99.82620167732239
-51.499815611078624 99.9307062625885
-51.499815611078624 100.0249252319336
-49.69082117883783 100.22397232055664
-51.499815611078624 100.32598781585693
-51.464746330601066 100.42996668815613
13.282739975261553 100.54048895835876
18.564956068705456 100.6399576663971
-48.49693608060622 100.74107599258423
8.790202717375307 100.84538054466248
18.644228955859678 100.96656775474548
-43.75383807475404 101.07553958892822
-36.49846251851944 101.17645454406738
-34.96538429043604 101.27956938743591
4.963623366190506 101.39126753807068
-39.08251088709817 101.49272155761719
10.181941841538752 101.60581398010254
-30.314035663422942 101.67080068588257
-1.3443110010914687 101.75204801559448
2.3563379879427266 101.85298299789429
-19.212252339140417 101.96625542640686
0.9838838099055783 102.06780624389648
0.9838838099055783 102.17150282859802
-26.10150772453624 102.27137327194214
-20.979422009870017 102.3725266456604
0.9838838099055783 102.4705069065094
-0.10970625054098702 102.56929206848145
0.9838838099055783 102.66829490661621
0.9838838099055783 102.7654721736908
0.9838838099055783 102.8649480342865
0.9838838099055783 102.96519780158997
-8.327514376260645 103.0641860961914
-19.395864966294244 103.16502833366394
-2.7328032010146432 103.26462960243225
-18.709065150666312 103.36337995529175
0.16718625052150185 103.46334671974182
-30.019556463055313 103.56307911872864
-30.019556463055313 103.66110301017761
6.740195990507263 103.76487159729004
-10.7103550121536 103.86033654212952
11.049882164672923 103.96144843101501
-2.7328032010146432 104.06262683868408
-29.94908759036373 104.16190195083618
-1.5227528454835755 104.2626371383667
-10.45587319174983 104.36243844032288
-21.914781370900087 104.46172451972961
-0.4719960229743244 104.56014466285706
-30.565429753518444 104.65959119796753
-4.016087822028366 104.76339721679688
2.242254886127252 104.82779335975647
-8.327514376260645 104.90215039253235
6.740195990507263 105.01453423500061
6.740195990507263 105.10716032981873
-8.327514376260645 105.20178747177124
-8.327514376260645 105.3019757270813
0.9848469397767434 105.40019011497498
-8.327514376260645 105.50014853477478
-26.830383963805208 105.59851861000061
0.9838838099055783 105.6985981464386
-0.10970625054098702 105.79971694946289
11.006697381835473 105.89962363243103
0.9838838099055783 106.00027084350586
0.9838838099055783 106.09741377830505
-2.673237916456871 106.28307151794434
1.0067921978146253 106.38002157211304
-26.537071519224277 106.48000884056091
-26.722886955587214 106.57961821556091
1.1011020075665114 106.68376040458679
1.1469777654636806 106.7789134979248
1.0364419181731164 106.88111996650696
-32.01925847951056 106.98094964027405
0.8432855718254957 107.16258311271667
9.939152898728032 107.26094841957092
2.3998091766081573 107.36070442199707
-21.71151279140274 107.46068906784058
-32.245209859852025 107.56051754951477
7.474144426409441 107.66015338897705
-7.468763654933987 107.75870132446289
9.77595096008959 107.92619466781616
-8.120456773374338 108.0377893447876
-21.092050660024007 108.12714266777039
-27.018643913266498 108.22507929801941
-17.666969293322584 108.32529926300049
-17.929441855581082 108.42531156539917
-27.500202572327098 108.52399253845215
-23.593186137971305 108.6238603591919
2.2353005545338296 108.72467923164368
-34.6855724700073 108.82290530204773
-19.75575453433137 108.9223141670227
5.941140017690928 109.0219030380249
5.27338867457115 109.12325716018677
-1.967013780545295 109.22253489494324
5.200284301939135 109.32181787490845
10.725885859559924 109.42404317855835
-36.68209823150835 109.52186465263367
-23.019103344364044 109.62598085403442
0.3557143395705498 109.7225649356842
-0.4271985012822175 109.82203435897827
5.581035331681663 109.92014765739441
2.408238818445512 110.02105164527893
-23.638842958060767 110.12240076065063
2.289169275715743 110.2217071056366
-3.5268659108111735 110.32076025009155
-2.276057086679628 110.4210045337677
0.4562193969395648 110.51911973953247
-28.184865159394878 110.61882090568542
-27.918664051997556 110.70224237442017
-20.21710762402476 110.7752468585968
5.797678954102023 110.86823010444641
-30.575951693982816 110.97438931465149
-5.0116444078678395 111.105295419693
-24.985580430207875 111.21166157722473
9.832133961372275 111.32778573036194
9.85253550730164 111.44241094589233
7.6306968137736915 111.64096999168396
-0.476335520630179 111.7420072555542
-10.139588933745243 111.85746383666992
2.364683825615367 111.9564573764801
-1.0145135063746378 112.05296969413757
-3.511076186596916 112.2547116279602
3.206639599282518 112.3520245552063
-10.341151252190475 112.45891451835632
-25.133583559939108 112.67897415161133
4.572781766109675 112.80039978027344
-9.755188759360387 112.90266537666321
-30.789844167030672 113.01762080192566
-20.39896993982138 113.13997197151184
-7.693252274759539 113.25176000595093
-3.706236850694228 113.35257291793823
5.02858582335884 113.44722127914429
-3.01304632883945 113.55278635025024
11.678237240839584 113.6314787864685
1.667581310045288 113.7332124710083
-14.729281926138645 113.82803750038147
4.74438003475627 113.93027710914612
-30.740788068408026 114.0256724357605
-30.0261560030039 114.13467192649841
-32.93905766152096 114.33153533935547
5.573789395958533 114.44033646583557
-1.4750290444779086 114.53902506828308
4.1235186249369855 114.64360642433167
-0.590550029632854 114.74129319190979
-3.0953955538424878 114.84137654304504
-30.581270718683253 114.94953894615173
3.9039814788473497 115.06049275398254
-0.3841033973506894 115.15489172935486
-0.6582419027995752 115.2575957775116
-25.003528562680952 115.36568093299866
-7.231767230563052 119.90399479866028
-8.294424780025976 119.99540400505066
-9.66601743964726 120.080806016922
-5.89231455195292 120.17093896865845
-7.73805849968536 120.26124906539917
-10.007373392445668 120.34447002410889
-10.09015060714423 120.42721366882324
-7.632189108009737 120.50933194160461
-9.09651917959621 120.59364175796509
-6.616151641112071 123.36832690238953
-7.444174196684945 123.45721387863159
-8.307520039357259 123.5504035949707
-7.724783064536133 123.63318204879761
-5.936627955973827 123.71705031394958
-31.662460108563376 124.05086469650269
-8.879225685501764 124.14937281608582
-8.58066836710246 124.23206281661987
-10.299806757181154 124.31528091430664
-6.575481685583773 124.39805316925049
-8.50281525405064 124.45834851264954
-8.902240892939147 124.52931451797485
-10.39616814228229 124.6141414642334
-10.949773700675344 124.78129410743713
-8.6799148479842 124.8636884689331
-9.517619933044578 124.94671154022217
-8.599482673426536 125.03004002571106
-8.418374194320355 125.11400556564331
-9.30668516186854 125.19730377197266
-10.69281857040084 125.36280703544617
-8.169467178791967 125.44507622718811
-10.01813154422924 125.52725791931152
-8.73665101973172 125.61096620559692
-8.16453505476937 125.6958315372467
-10.546279820816371 125.77899241447449
-11.129080506414834 125.86072540283203
-9.824811458315635 125.951012134552
-9.491640870778303 126.05999112129211
-9.892412621791244 126.16433191299438
-8.820574025024895 126.26183295249939
-9.371320494614851 126.36810255050659
-7.302074745166627 126.46513986587524
-8.183957889976696 126.66431784629822
-10.055979167085104 126.76528263092041
-8.21293244949367 126.86681795120239
-10.56637936960245 126.96375465393066
-8.67875470590983 127.05980134010315
-9.545636285114867 127.16389560699463
-10.69281857040084 127.27186131477356
-9.244444044964341 127.333167552948
-8.248120499889511 127.41034412384033
-9.254227867975283 127.51542592048645
-9.584224607348474 127.61475324630737
-9.301216278149935 127.71411085128784
-9.0429153093076 127.81584167480469
-9.544619568144656 127.91558337211609
-10.78438559758329 128.0138988494873
-8.100575518667965 128.3108925819397
-9.833842610976838 128.41347360610962
-9.405843151164952 128.51143598556519
-9.357566167499415 128.60885524749756
-7.9724026247099475 128.70768976211548
-9.020275725540593 128.80833911895752
-10.867995614294978 128.99467754364014
-8.479184168487519 129.09242391586304
-8.494665935841986 129.19927668571472
-30.487528736627464 129.3928759098053
-29.929006394289473 129.49985885620117
-9.000024700520576 129.79123044013977
-9.333057367057195 129.89628767967224
-34.03534626172327 130.08416175842285
-7.8418572001031865 130.17152643203735
-10.655234013852862 130.26861381530762
-32.19358141866903 130.55262684822083
-9.544619568144656 130.75141835212708
-8.975177917104878 130.9346125125885
-10.038303166180233 131.04290437698364
-8.63406861987364 131.58297419548035
-8.02356836252757 131.76826667785645
-9.631143858407055 134.5540852546692
-9.244444044964341 135.0821352005005
-9.996532471042952 135.26944661140442
-9.000024700520576 135.36314725875854
-9.091213123770007 135.44618439674377
-7.450793939809251 135.59293460845947
-10.007331663712124 135.65454411506653
-7.139398597587043 135.74586296081543
-9.191625988878915 135.82979941368103
-8.038132187903525 135.90988183021545
-9.009702347846472 135.99470496177673
-9.028593098831267 136.09405708312988
-7.683722706036377 136.1929485797882
-12.820103559014633 136.27843642234802
-9.199906252311816 136.35924220085144
-9.210938994539829 136.444655418396
-10.565462126060625 136.52707028388977
-8.985992199317591 136.6917667388916
-10.390438304253955 136.77492332458496
-8.917457066761186 136.85728478431702
-31.561800162528566 136.94116187095642
-8.6799148479842 137.02325558662415
-9.52743145733554 137.1066553592682
-9.664531976460005 137.20660948753357
-9.26986970281683 137.30544638633728
-9.370656074712942 137.40522003173828
-11.126873259126656 137.4890742301941
-8.929550127448147 137.6553134918213
-9.984128568619663 137.73832964897156
-9.996532471042952 137.8222472667694
-11.70760228179644 137.90355587005615
-33.314737941423125 137.9891858100891
-8.620342195558981 138.07161045074463
-10.390733929740607 138.236741065979
-9.30668516186854 138.3213016986847
-9.996532471042952 138.48501896858215
-9.928705685179997 138.65197920799255
-8.425887214084906 138.73556804656982
-8.599482673426536 138.834862947464
-10.30210747045126 138.91751837730408
-8.370101166480886 139.00208377838135
-31.879486725031832 139.08566522598267
-9.420035370309671 139.24901008605957
-8.438206570203114 139.33390736579895
-9.892412621791244 139.4183521270752
-29.447214938403906 139.5008373260498
-10.369859714163173 139.58179473876953
-9.996532471042952 139.83164763450623
-10.488530577574938 139.91626358032227
-8.184013322501228 139.99733686447144
-9.80478611802901 140.08017230033875
-9.310955244219924 140.163729429245
-7.841413803933596 140.24624347686768
-8.683824792891423 140.41292214393616
-8.206110493208605 140.57956171035767
-10.038303166180233 140.6616518497467
-9.987723158246686 140.74444389343262
-7.7879351114276485 140.82751488685608
-11.358253603557369 140.9220781326294
-31.341137555841936 141.01534295082092
-9.626952335471511 141.117915391922
-9.727558057343195 141.210196018219
-7.296838939990166 141.37507247924805
-8.826574507271312 141.48335766792297
-8.281173574231513 141.58118796348572
-7.807726090074243 141.68443274497986
-8.749565837532176 141.89101314544678
-10.155107016351309 141.99774980545044
-8.66554484842896 142.1805465221405
-4.892561181157419 143.04456043243408
-3.7757132798023934 143.1447081565857
0.26420137025537976 143.54359483718872
-2.909348260237519 143.64237022399902
0.716112714346838 143.72112822532654
-5.987599463728125 143.79600954055786
-0.8047047621759514 143.96009826660156
-0.8539811938835291 144.060693025589
-2.527678396490676 144.1747691631317
-5.18004129762915 144.4831416606903
-5.577517926181184 144.9627022743225
-0.6410351918180579 145.05962324142456
-4.091347656501664 145.26574420928955
-1.7675841737000026 145.37396144866943
2.6931890332760644 145.47704601287842
-1.4744170348772907 145.59349393844604
-0.46533173276876166 145.6887276172638
5.226741167767907 145.7878909111023
-5.186995573642939 145.89229607582092
-38.613791839113375 146.0885329246521
2.100160619822452 146.1882598400116
-35.56193496543663 146.28895044326782
2.140894507230896 146.38736987113953
-34.93011615266769 146.49013829231262
-2.7029912729416306 146.66328978538513
-3.336983958857472 146.73575949668884
-1.7813884221586294 146.83936142921448
5.260364339345188 146.93831706047058
4.084319301438143 147.0381841659546
-7.660277182193804 147.13979387283325
-20.202892018648285 147.25598287582397
-0.2847478159888367 147.46274995803833
-2.468575677402779 147.5692994594574
-18.14935428550956 147.66833090782166
-9.27771685306744 147.77009987831116
2.2090171353096553 147.86628556251526
-4.404223125032928 147.96673488616943
9.722951768992315 148.06693577766418
-12.316622764395413 148.16649174690247
6.09439053376834 148.36535716056824
-4.792640230776612 148.46774983406067
-1.3761982178183683 148.5650508403778
-5.626676818293539 148.66489434242249
-4.770488867949835 148.765873670578
-0.2997924656663379 148.86510586738586
-6.055076954667732 148.96638298034668
8.303759996198837 149.06573224067688
5.608312682305098 149.16515588760376
-0.15273378909299795 149.26484537124634
5.3396873702552305 149.3827838897705
2.2103707349610797 149.48112297058105
-13.350512429405159 149.5759198665619
-27.761348575590496 149.67821621894836
2.614893046456694 149.7467999458313
2.2056291198868703 149.8337094783783
-7.685411426930612 149.92716264724731
-39.98195006577329 150.02271389961243
2.612835737915075 150.20906734466553
-34.40057135925252 150.3882701396942
3.9153804511427777 150.49037098884583
-42.139183997815316 150.5864019393921
-39.32175268713952 150.7745819091797
11.542730633758902 150.87201166152954
9.159310930715368 150.96961307525635
2.246126750745617 151.0699782371521
2.2287040216724154 151.2541697025299
2.2133691066410157 151.35229897499084
-10.911772787118343 151.5341854095459
-7.944129143360436 151.63636350631714
6.492018568116071 151.7352693080902
-11.04057654743495 151.91761136054993
-29.787719607774324 152.0164394378662
-11.04057654743495 152.1155354976654
-0.7393678925943236 152.21614480018616
-11.04057654743495 152.31365942955017
-9.41994816151286 152.41487574577332
-30.847541043422943 152.5138018131256
-11.04057654743495 152.61207675933838
6.524490557218458 152.68702602386475
6.524490557218458 152.76466870307922
6.524490557218458 152.86407494544983
6.524490557218458 152.96384072303772
-34.86546217075707 153.06144428253174
6.524490557218458 153.16645431518555
6.524490557218458 153.26292419433594
6.524490557218458 153.36262893676758
6.524490557218458 153.47715592384338
3.4636039236860636 153.57583093643188
-11.04057654743495 153.67642831802368
6.524490557218458 153.77824187278748
6.524490557218458 153.87793850898743
-34.86546217075707 153.97662925720215
-34.86546217075707 154.07648015022278
6.524490557218458 154.1773545742035
6.524490557218458 154.27727484703064
6.524490557218458 154.37637782096863
-34.86546217075707 154.55709552764893
-2.2704006970585833 154.65662503242493
6.524490557218458 154.75753831863403
-2.2704006970585833 154.85692715644836
2.122414932144745 154.95714807510376
2.122414932144745 155.06669330596924
6.524490557218458 155.1579396724701
6.524490557218458 155.33885312080383
6.524490557218458 155.44045209884644
6.524490557218458 155.54082989692688
-15.607427857980241 155.6343593597412
6.524490557218458 155.82111763954163
6.524490557218458 155.93088054656982
-2.2704006970585833 156.05954480171204
6.524490557218458 156.18719911575317
6.524490557218458 156.29549717903137
6.524490557218458 156.39354133605957
6.524490557218458 156.51101183891296
6.524490557218458 156.6287477016449
6.524490557218458 156.74328565597534
6.524490557218458 156.8464982509613
6.524490557218458 156.95702648162842
6.524490557218458 157.06014251708984
-17.101624968358582 157.1597101688385
6.524490557218458 157.25725412368774
6.524490557218458 157.36753106117249
6.524490557218458 157.4793839454651
6.524490557218458 157.59923219680786
-2.2704006970585833 157.71402740478516
6.524490557218458 157.82485103607178
-34.86546217075707 157.93673706054688
-34.86546217075707 158.03685522079468
-31.151927359194634 158.13689136505127
6.524490557218458 158.23724055290222
6.524490557218458 158.3371865749359
